0.0
3.4921875
4.71875
4.3515625
5.0390625
4.96875
4.5859375
4.28125
4.9296875
5.46875
5.5546875
4.6875
5.421875
5.515625
5.4609375
5.6796875
5.2578125
5.0859375
4.609375
4.890625
5.59375
5.40625
5.46875
4.5078125
4.3359375
5.5
5.3203125
5.546875
4.7421875
4.765625
5.5390625
4.8671875
5.125
5.6875
5.203125
4.734375
5.0546875
4.8203125
5.765625
5.3046875
5.6171875
5.546875
5.2734375
4.90625
4.6875
5.2578125
5.3828125
4.40625
4.1640625
5.46875
5.6328125
5.8515625
5.5546875
4.390625
4.703125
5.171875
4.484375
6.0234375
5.1328125
4.796875
5.8359375
5.671875
4.734375
5.1171875
4.5546875
5.109375
5.046875
4.8046875
5.15625
5.8203125
5.484375
5.1875
5.15625
5.5078125
5.5
5.796875
4.4140625
4.734375
6.1484375
5.3125
4.09375
4.5078125
5.1328125
5.328125
4.78125
5.3203125
5.1171875
4.71875
5.2265625
5.3359375
5.1796875
5.265625
6.109375
6.140625
5.8515625
5.34375
5.3046875
4.578125
4.9453125
5.484375
5.1796875
6.0234375
5.6953125
5.6640625
4.578125
5.7734375
5.3046875
4.84375
5.6328125
5.46875
5.3515625
5.046875
4.9765625
5.1640625
4.828125
5.9921875
5.390625
6.671875
4.875
4.9140625
5.609375
6.0078125
6.03125
5.3828125
4.96875
6.3515625
5.3671875
6.0390625
4.578125
5.65625
5.28125
5.7265625
4.453125
4.8203125
4.6953125
4.7421875
5.515625
5.0703125
5.5
5.6484375
5.015625
4.96875
5.2890625
4.9140625
4.6328125
4.515625
4.5
5.359375
5.8203125
5.1640625
5.3125
5.828125
5.5
5.109375
5.1875
5.71875
4.6875
5.078125
5.203125
5.3984375
5.8515625
5.5546875
5.3515625
6.2578125
4.8125
5.3671875
6.65625
5.5
5.109375
5.6796875
5.1484375
6.0234375
4.9609375
5.1484375
5.1796875
5.625
5.34375
6.265625
6.015625
6.34375
5.34375
5.328125
5.4375
5.0625
5.7109375
6.2890625
5.0546875
5.859375
4.4609375
5.140625
6.140625
5.34375
4.6953125
5.6796875
5.4296875
5.2734375
5.5859375
4.546875
4.96875
5.2421875
5.21875
5.1875
5.140625
5.0078125
4.6484375
4.40625
5.9375
5.0625
6.34375
4.859375
5.0859375
5.1640625
6.09375
4.8359375
6.21875
5.046875
5.1875
5.2578125
4.609375
5.90625
4.9140625
5.203125
4.171875
4.8984375
3.8828125
4.328125
4.6484375
4.6328125
5.5859375
5.015625
4.734375
4.6484375
4.921875
4.65625
5.28125
5.5625
4.5859375
4.7890625
4.6875
5.359375
4.8359375
