0.0
8.2734375
9.7421875
11.5
13.1015625
14.8203125
15.7265625
17.0859375
17.0546875
18.2265625
18.6171875
18.6015625
20.828125
19.71875
17.3046875
17.8984375
18.78125
18.265625
20.984375
21.6484375
22.5234375
22.0
19.984375
19.1171875
18.9921875
18.9921875
19.8125
20.703125
21.84375
22.515625
22.3515625
23.0390625
22.9375
22.578125
22.953125
22.640625
23.8359375
24.125
22.5859375
23.2421875
23.421875
22.7265625
25.1328125
24.796875
24.1953125
24.3671875
24.2890625
22.3359375
23.1796875
23.515625
23.2421875
23.0703125
21.125
23.171875
23.53125
23.109375
23.796875
23.0703125
23.40625
24.015625
22.25
22.5625
23.9765625
24.109375
23.6484375
22.4609375
23.796875
23.9140625
23.0546875
22.53125
21.8984375
21.1484375
21.1015625
21.0
21.140625
22.4140625
23.3046875
22.546875
23.515625
24.921875
25.8046875
26.7890625
25.828125
27.1328125
26.5390625
25.5703125
27.4921875
27.0234375
27.1484375
27.1953125
30.203125
30.34375
28.8984375
28.90625
28.6171875
27.546875
27.359375
28.25
28.796875
27.2578125
27.25
26.8046875
25.8125
25.8984375
26.7109375
26.3515625
26.5859375
25.0234375
23.09375
23.8359375
23.9375
23.0078125
22.265625
22.328125
22.734375
21.2578125
22.03125
20.9296875
22.890625
21.2734375
21.3515625
19.484375
19.46875
18.4453125
20.359375
20.7109375
20.953125
21.3671875
23.75
23.625
24.171875
24.359375
23.1328125
24.09375
25.03125
25.0390625
24.7734375
24.625
24.0234375
24.734375
24.984375
24.9921875
25.8046875
26.703125
28.6328125
27.796875
27.2265625
28.1640625
27.65625
27.6796875
25.921875
25.1171875
25.28125
25.28125
25.3046875
25.4453125
26.625
28.078125
27.0234375
26.8046875
26.6640625
27.1015625
27.1171875
27.1953125
27.8515625
26.4765625
24.546875
25.40625
26.0703125
25.0390625
26.1953125
25.421875
25.6875
27.3203125
27.1796875
26.4609375
25.1171875
25.5234375
24.0625
22.25
22.7109375
21.484375
22.1015625
24.453125
23.1875
21.734375
21.8828125
23.2109375
23.3515625
23.3828125
23.234375
23.359375
25.265625
23.71875
23.7421875
24.3125
23.6328125
22.1640625
22.71875
22.640625
23.8359375
23.203125
25.203125
23.328125
24.0703125
23.296875
23.265625
22.546875
21.9140625
24.953125
22.5078125
22.4453125
22.796875
23.640625
22.453125
23.359375
21.75
21.203125
22.03125
22.5546875
23.3984375
22.75
23.0234375
20.8828125
20.84375
20.3125
20.1875
19.453125
19.1796875
19.3203125
19.8984375
20.1015625
19.4609375
20.3671875
19.84375
20.9140625
21.5
21.484375
21.8828125
22.2109375
22.125
