0.0
0.65625
0.890625
0.9375
0.90625
0.9609375
0.9765625
0.796875
0.9140625
0.796875
0.90625
1.015625
0.9921875
1.0
1.0703125
0.953125
0.9921875
0.8828125
0.71875
0.9921875
0.859375
0.890625
1.046875
0.859375
0.8046875
0.90625
0.796875
0.875
0.671875
1.1484375
0.8984375
0.8046875
1.0625
0.765625
0.90625
0.9765625
0.9375
1.09375
0.96875
0.9609375
1.0
0.9296875
0.7734375
0.765625
0.9609375
1.0390625
0.859375
1.0625
0.953125
0.7734375
0.84375
0.875
0.734375
0.875
0.8671875
0.875
0.84375
0.765625
1.015625
0.921875
0.9609375
1.0078125
0.8046875
0.9609375
1.1640625
0.9609375
0.7890625
0.8515625
0.7734375
1.015625
0.96875
1.03125
0.9609375
0.8671875
0.984375
0.9921875
1.0546875
0.9453125
0.8203125
0.8671875
0.953125
1.328125
1.1875
0.8984375
1.1640625
0.859375
0.7578125
0.8359375
0.890625
0.9609375
0.84375
0.9296875
0.96875
1.078125
1.0390625
0.8984375
0.8515625
0.984375
0.7265625
0.96875
0.9765625
0.7890625
1.0078125
0.8046875
0.9296875
1.0703125
0.9453125
0.8046875
0.984375
0.8671875
0.765625
1.0390625
0.9609375
0.90625
1.0390625
1.0
0.9140625
1.0390625
0.90625
0.8359375
0.9140625
0.890625
0.9453125
0.9609375
0.71875
0.8828125
0.859375
0.921875
1.0390625
0.734375
0.8125
0.890625
0.96875
0.984375
0.8515625
0.96875
0.8046875
0.90625
0.765625
0.8359375
0.875
0.8046875
0.828125
0.734375
0.96875
0.96875
0.984375
0.9296875
0.9609375
0.921875
0.875
1.0703125
0.9453125
0.9609375
0.90625
1.0
0.8125
1.1484375
1.2265625
1.1171875
1.140625
0.9921875
0.9140625
1.21875
0.734375
1.03125
1.046875
0.828125
0.9765625
1.0078125
0.859375
0.953125
0.9609375
0.8671875
1.0234375
0.6875
0.8515625
1.1015625
0.84375
0.9921875
0.9296875
1.0234375
0.890625
1.1484375
1.046875
0.796875
0.7890625
0.8671875
1.078125
0.6953125
0.9453125
0.984375
1.125
0.8359375
1.0234375
0.7578125
1.1484375
0.8046875
0.8203125
1.109375
0.9140625
0.8984375
0.8359375
1.0234375
0.9453125
0.703125
0.6796875
0.875
1.078125
0.78125
0.96875
1.0234375
0.84375
0.890625
0.9140625
0.921875
0.90625
1.1328125
0.9921875
0.8671875
0.75
1.0
1.109375
1.15625
0.9609375
1.1953125
1.015625
0.90625
1.0234375
1.203125
0.875
0.9296875
0.8125
1.109375
0.8125
0.765625
0.984375
1.078125
0.9765625
0.9140625
0.7578125
