0.0
12.421875
15.3515625
16.7890625
19.046875
20.75
21.2890625
22.1640625
22.8984375
24.4921875
25.078125
24.3046875
27.2421875
26.234375
23.8359375
24.53125
25.03125
24.234375
26.3125
27.53125
28.9765625
28.296875
26.5
24.484375
24.1328125
25.3984375
25.9296875
27.125
27.2578125
28.4296875
28.7890625
28.7109375
29.125
29.03125
29.0625
28.3515625
29.828125
30.0390625
29.3203125
29.5078125
30.0390625
29.203125
31.1796875
30.46875
29.84375
30.6640625
30.53125
27.8046875
28.296875
29.7578125
29.71875
29.796875
27.4140625
28.4375
29.1015625
29.15625
29.125
29.859375
29.5546875
29.734375
29.046875
29.2421875
29.515625
30.1875
29.3671875
28.53125
29.6328125
29.5703125
28.984375
29.3671875
28.3515625
27.3671875
27.21875
27.375
27.625
29.203125
28.7734375
28.2265625
30.484375
31.1015625
30.8515625
32.625
32.1484375
33.359375
32.484375
31.75
33.3671875
32.578125
33.265625
33.4921875
36.2265625
36.5390625
35.9765625
36.125
35.5078125
33.7890625
33.515625
33.8125
34.46875
33.7109375
33.40625
33.6171875
32.515625
32.3671875
32.21875
33.1953125
32.8359375
30.671875
29.7109375
30.171875
30.0546875
29.09375
28.203125
28.3984375
28.6015625
28.25
28.3359375
28.640625
28.671875
27.0234375
27.875
26.3828125
26.4453125
24.7890625
26.046875
27.9453125
27.1796875
28.328125
29.3671875
30.015625
30.265625
30.9765625
28.5546875
29.8984375
30.578125
30.75
31.09375
30.6015625
30.2890625
31.21875
30.875
30.765625
31.921875
32.3515625
34.234375
33.28125
32.7109375
34.453125
34.4375
33.765625
32.109375
32.015625
31.7265625
31.3515625
31.3984375
32.1640625
32.125
34.3046875
33.453125
33.3203125
33.65625
33.6484375
33.3828125
34.671875
33.3984375
32.875
32.25
31.734375
32.15625
31.7265625
32.203125
32.3984375
31.609375
33.3359375
33.3828125
32.7734375
31.3125
32.890625
30.921875
29.5859375
28.984375
27.8359375
28.4296875
30.6640625
29.9453125
28.8203125
27.7265625
29.9375
28.890625
29.21875
30.3203125
29.6875
31.0859375
30.234375
30.1953125
30.34375
30.3671875
27.515625
28.5078125
28.9921875
29.96875
29.2890625
31.1796875
29.359375
29.6640625
28.40625
29.8828125
28.484375
29.3359375
30.59375
28.5625
28.6328125
29.734375
29.3671875
29.5859375
29.328125
27.84375
27.59375
27.6328125
29.328125
29.0625
28.953125
28.3046875
26.9375
25.6875
25.8359375
25.8515625
24.9921875
25.7890625
25.5390625
25.5078125
25.6796875
25.1953125
26.1328125
25.9375
27.2421875
27.0703125
27.3515625
27.546875
28.484375
27.71875
