0.0
7.091876618685654
9.37309007696604
10.64525730172348
11.563155658658632
12.544923073582678
13.2911203780404
13.953178159452483
14.498274402482663
15.03419253472258
15.559074909080417
16.015285578967912
16.390604737411586
16.894547188771373
17.258521567605953
17.463049011783845
17.63015786310112
17.780120495012163
17.904557297386603
18.125513315048558
18.354653982456238
18.627601072287067
18.837163617773694
18.943055411952738
19.014742864892728
19.07349293467114
19.143261338535318
19.234536163673738
19.31919422882196
19.43867151675198
19.564887074351116
19.67043990172523
19.80365081225658
19.933757373525225
20.06311965363676
20.15899838985793
20.266727878065545
20.39803520426676
20.51477646282029
20.624596754098263
20.7364383388511
20.830284310180396
20.934397609218973
21.032049741143826
21.128749184130346
21.212863552649647
21.307214045623052
21.388268120414374
21.44488795967756
21.5076790404475
21.574014130504704
21.643447565325964
21.706624674202676
21.733840844676166
21.769292521794497
21.79562646672198
21.836008137571984
21.892008846894413
21.937847804760928
21.980242360158055
22.026484014531526
22.067114349314622
22.097286474483248
22.130287605380577
22.156745490945962
22.187607973161654
22.21040831051758
22.243674068793187
22.280397315212646
22.307540172789093
22.334674892254963
22.360047777736614
22.364945535869392
22.366927930890114
22.381365803744547
22.39253679575724
22.40558164578233
22.43008902434743
22.447812955669125
22.47427022569997
22.51523673800449
22.556945581614016
22.61594628614324
22.67051199358286
22.728801948316374
22.773361726989013
22.813701963461913
22.867723262742714
22.91954442493687
22.96926032935519
23.028947379978575
23.099971666837373
23.17693392577992
23.24472726197555
23.318580862713123
23.390376242421812
23.442084954674822
23.48796355380414
23.54421106966699
23.598057759830628
23.64484345182507
23.684851864160436
23.72265812152004
23.7573657021308
23.78438760759345
23.82059516605349
23.858791500958365
23.891610640661423
23.910735485367624
23.92846134329884
23.93242347444694
23.941766674142208
23.94723948655284
23.94535296907018
23.94738450378148
23.946084066666945
23.951329689691597
23.950265290500102
23.945691547420797
23.93579084504064
23.92809004762019
23.920116797248973
23.905938446048033
23.889003322838832
23.868439925429477
23.854987714632678
23.840642585574862
23.832575377719735
23.82758944319731
23.82632787933015
23.831016539271857
23.835189173910955
23.844687839630712
23.85200382299324
23.85812760282978
23.86717998489211
23.882152549988465
23.896912284951586
23.90612335445739
23.91895027075242
23.932348949125434
23.945379167341468
23.954578469055207
23.96953097208127
23.992156948191788
24.018922675983486
24.049577326563647
24.07406404196005
24.101262606279217
24.132323644453564
24.16085995762291
24.18693004757923
24.20572242689172
24.21943654227529
24.23546804431367
24.248226831444637
24.257172269717696
24.269244253034337
24.289339661549775
24.314515453418846
24.337496564862292
24.356801127514522
24.377904788393572
24.39790693265635
24.422067391654167
24.444078403254753
24.46739307701323
24.480400110579023
24.488816513343053
24.49525412407213
24.505403564721693
24.517539641070616
24.531802510623788
24.545852166640035
24.562075686500418
24.576806588377256
24.592275477110903
24.604757061114523
24.618406577402844
24.62572279654502
24.628647329613106
24.621606788440758
24.611388197006473
24.605778204773927
24.60875531956201
24.609280985921476
24.60865958803255
24.604417080053615
24.60398049861536
24.605844801401606
24.603868608117804
24.604156353709662
24.60622121693805
24.610314539453658
24.614545545879665
24.617242449694785
24.62123479905509
24.618981554465837
24.612430623196953
24.60982657958086
24.61231507101432
24.61778602668109
24.615279605369164
24.62053004373561
24.620880253474734
24.621019265066938
24.622142667463343
24.624975537366417
24.621798767408904
24.62095982731968
24.62038822813299
24.618623584343926
24.615936632231833
24.615365453988154
24.618561995338155
24.61373037686054
24.612316994042246
24.60666665887047
24.600840856697392
24.594120640598778
24.590281781129356
24.587366156120872
24.584565195787004
24.58083024392308
24.571341329832432
24.56129873755718
24.549203412611615
24.536297293973902
24.521718425290228
24.505912618586226
24.490923164375147
24.47788250334934
24.463693380399096
24.44792061340714
24.433738437651453
24.42172572611748
24.412412216869264
24.406223415716827
24.39838335626669
24.39155922762193
24.388744442550323
