0.0
2.649056503006096
3.1647487344415217
3.474077881392461
3.5761354544368493
3.7087271120987566
3.7586347229856556
3.8163210610717564
3.8201959548750604
3.863455078579619
3.9358467093069436
3.986467186654876
4.008582860462496
4.039556824581973
4.088671883311966
4.101384947432294
4.12963944562408
4.121513150484502
4.120326429722617
4.121671622072428
4.128041265060583
4.146487804856396
4.162451493548847
4.163642056642625
4.145570456460824
4.132967025999339
4.137623316202327
4.1465601671570775
4.147567637621235
4.151093260049795
4.155330723730799
4.1600912627158895
4.161066970753774
4.171046924850705
4.17955772500305
4.18848279071643
4.184440285376711
4.18548252571528
4.188401252033383
4.2048289383673145
4.218081595726093
4.228335994889221
4.239412929474645
4.2466305410436895
4.241673042702518
4.244621304384873
4.251154396893522
4.252123773408974
4.243410881701567
4.23803615620602
4.246590650654848
4.2527058575349
4.262195429289387
4.26463659205232
4.2603832387331275
4.256831673294246
4.259415525567077
4.262023659872481
4.26983877629507
4.268075424105547
4.266988216647737
4.28008707552843
4.286002663320329
4.287103730313192
4.28260344436658
4.282218205408075
4.280918458296081
4.278725957967606
4.27880528351464
4.279040487775116
4.280748342960013
4.283873133623025
4.2882543501583585
4.286900562669138
4.289915209218989
4.290424095574408
4.287900574727042
4.287419355985982
4.286265812753981
4.29198836099949
4.292247409855039
4.286943655974019
4.2833326035793915
4.286772549938781
4.289427343086511
4.29061126641964
4.291788600412161
4.288797682305759
4.2854745095516895
4.2832765310520315
4.2824238285594864
4.281481353348197
4.285173086909267
4.288538327461626
4.293525182971614
4.299656773419678
4.301223187291419
4.303513887198664
4.304894166616813
4.305207839792299
4.307932576037535
4.309689727722309
4.314313240228337
4.313988971555423
4.311913300372944
4.310846987256895
4.3135250160334815
4.3148771105527
4.312223624516743
4.314249005033922
4.316833265204213
4.317399034856157
4.314972083954311
4.312797528177824
4.315361459709193
4.316591335492432
4.319366523118739
4.3221532376157725
4.32747532772633
4.3260360931656106
4.326502492836215
4.32864280767852
4.331941585196075
4.33218575171448
4.330724601120734
4.332024057742912
4.336594846406457
4.336927857445259
4.335042268214049
4.333906775526237
4.333888175967829
4.335040635316801
4.337563970774061
4.340727937631968
4.338344518362981
4.338281828854015
4.336103662167596
4.337987478321405
4.335219856907784
4.336079237800071
4.3379752315953235
4.336873035600872
4.335152114474707
4.3311207314327165
4.327122738925391
4.3251609752760825
4.325001172507345
4.324037728829792
4.325046303319338
4.323868763914795
4.324170374228467
4.324942411203352
4.3251359889232015
4.325545818625325
4.326526530845791
4.325535638612068
4.325822948735378
4.323877262774261
4.322633527185426
4.323274045870252
4.325011529047039
4.327519448251513
4.3306270793612
4.333289661736064
4.333267874055803
4.333554523692506
4.33576857871603
4.341099039163015
4.3421393044668495
4.342284581389333
4.344298040383959
4.345687472223156
4.346455716926754
4.346639085258884
4.346505071688196
4.347438949981523
4.3482389973442945
4.347730584796644
4.350408017214349
4.353122308536715
4.355700971119286
4.354232163954213
4.354111021203537
4.354226501496316
4.35445820244242
4.354406632028398
4.354392371980979
4.35351512710301
4.352334167708611
4.350159830906688
4.350016878200674
4.352342900004062
4.354218916247949
4.353922763258241
4.354854320860106
4.356492495307939
4.357917128000116
4.357574206602721
4.357076045071574
4.355874782752333
4.355895747428787
4.357132342008354
4.3585729634070285
4.358932498025746
4.358702101977861
4.357556755222234
4.356225803811692
4.357326173223062
4.357727835328671
4.3580460122706945
4.357404402536747
4.356088851656932
4.356834677313978
4.356762323004446
4.356621906185041
4.357240846297417
4.35772562201452
4.3588918300514115
4.358930261453101
4.357515166488852
4.356898451072735
4.3568914361809075
4.355857626302957
4.355370165304765
4.3540066690955594
4.352604289398931
4.351034391303734
4.349455174310377
4.349076794333448
4.348582548182798
4.347238064972052
4.345592926906586
4.344046327662694
4.342574937121211
4.342332276111547
4.342502146916134
4.342695651074638
4.342063511794848
4.340530553294092
4.3394827331101204
4.339262734700463
