0.0
3.7533241311056313
5.494972939004827
6.439770257954492
7.256757366764185
8.104128287095818
8.792343683707383
9.392969472220152
9.934287125293517
10.424603829516673
10.875440990141367
11.280329953475563
11.630853385664158
12.101466826067673
12.414988533812059
12.60392383801972
12.741033320789
12.896994996836865
13.021420714709889
13.240415740495719
13.463019137425285
13.71672711986645
13.908646661890815
14.013703476711918
14.102852457637841
14.174135752703013
14.239630824973684
14.321305821081168
14.405315236814607
14.521268939011305
14.643324890676768
14.744488098223288
14.876832577487155
14.996936679451398
15.117276707402112
15.205150175169146
15.316294921664362
15.446609518478034
15.559233907479298
15.652184813480867
15.750656383459415
15.834916439679192
15.92790893830112
16.019223066518215
16.12106183500424
16.202296144130973
16.290801021108834
16.371213726208737
16.436401480191833
16.504491267520766
16.562784782413615
16.625738605831305
16.679071169706436
16.70406646945026
16.7435025671222
16.77373041743137
16.811583294558968
16.86486358963902
16.903453237899065
16.947271159566558
16.99456737172325
17.02207194270629
17.046476912918944
17.077859950805124
17.109329578317308
17.14083103193897
17.16459616149588
17.200390979371782
17.236828451571007
17.26486030422175
17.28940652171464
17.311826712564184
17.312114998510417
17.31580049351616
17.32736309112577
17.338159858507527
17.353574871798813
17.37862525769014
17.397942455318905
17.418730603314224
17.459273053729078
17.506391015716495
17.56851095225706
17.61975334364216
17.675541720574408
17.718724699115295
17.758113753688598
17.814579084223467
17.87002420539125
17.92203011159789
17.98317730681677
18.055276292880507
18.128235429120483
18.19255459178016
18.26127507308574
18.32665805473255
18.376737273402135
18.420291151582415
18.475157492676228
18.528716982347035
18.572272859701958
18.610509541981397
18.64392381951676
18.678943647966623
18.707782050379006
18.744604391271952
18.78005276763093
18.81117287870013
18.833088906246193
18.84899087178943
18.85041530804152
18.859044542150105
18.866937171254826
18.86733549701063
18.866435912028027
18.86381055529277
18.86626358639221
18.862385127766224
18.85271181904789
18.84435586061681
18.83648037325856
18.826253216939413
18.80862603254342
18.791256563944764
18.772282506415053
18.757748128409244
18.738901347279622
18.73080923009048
18.727862521357594
18.727571596260287
18.73244318248794
18.735376537330442
18.742178236517738
18.74623892257437
18.754659425287123
18.763589635900903
18.780562149609825
18.79360053242366
18.805625472602898
18.817644379099256
18.829136558150452
18.843218778612428
18.85408733399901
18.873346984460742
18.90002628074263
18.928744036064188
18.95948867172133
18.985183935160272
19.011383878379736
19.04359843755213
19.07153847191378
19.09683341311562
19.115330961670203
19.128551309217276
19.143854880771997
19.157575699529318
19.16633835965835
19.180549732311167
19.20171635328247
19.225981205386173
19.247241705411966
19.26402249012775
19.281727186245348
19.2991170011359
19.323415387572137
19.34518806734262
19.366232608715613
19.373923818263922
19.381508350776134
19.387838089476638
19.396005932606453
19.40666704442598
19.419926977343152
19.433915272132175
19.45031848020327
19.463932283903038
19.47855824330353
19.49140892417266
19.502150827956328
19.50662060183172
19.506941243145064
19.50137329458181
19.491351810005657
19.485697665742915
19.488455600421144
19.488990077525443
19.48838996400993
19.48506298514046
19.48589554299149
19.489770130620194
19.487947458802
19.48572508973762
19.48575176482021
19.490107433501002
19.493524911265332
19.494528691931894
19.49721386147768
19.495235502236966
19.489224486526847
19.487771953832507
19.490164298520387
19.49442362923522
19.490314108042202
19.49517655672634
19.49561253875852
19.496686787176742
19.49922241576325
19.501082684413102
19.49745249373248
19.49621411638057
19.496343139450047
19.49574296006853
19.492247910851393
19.49163092671911
19.494980918814466
19.489604302258243
19.487569565382454
19.480740656324983
19.474827517519365
19.469675809042833
19.466432369220854
19.463444303008735
19.461698867719946
19.458602824112788
19.450411083730483
19.441748416862254
19.431219464196534
19.419839839935864
19.405734633163576
19.39025898940539
19.376514397293935
19.36513461499967
19.35252486132357
19.338237465947124
19.324275648639468
19.311981224056193
19.302469625539484
19.296957033994744
19.290689764303988
19.28486443294725
19.28232946158973
