0.0
0.6894959845739262
0.7133684035196909
0.7314091623765291
0.7302628374575967
0.7320676743881037
0.7401419713473619
0.7438876261605746
0.7437913223140843
0.7461336266262876
0.7477872096321057
0.7484884388374731
0.7511684912849321
0.7535235381217293
0.7548611504819298
0.7577402263318335
0.7594850966880412
0.7616123476907933
0.762810152954097
0.7634259524804105
0.7635935799703705
0.7643861475642205
0.7660654623340333
0.7657098785981934
0.7663199507940648
0.7663901559687899
0.7660071973593057
0.7666701754354918
0.7663113543861207
0.7663093176908816
0.766231459943548
0.7658605407860559
0.7657512640156537
0.7657737692231209
0.7662852212315986
0.7653654239723559
0.7659926710244713
0.7659431600734438
0.7671413033076101
0.7675830022500825
0.7677003596655927
0.7670318756119833
0.7670757414432083
0.7661961335819177
0.7660143064235838
0.7659461041338037
0.7652586276206962
0.7649306207966612
0.7650755977841573
0.7651516167207109
0.7646386974362426
0.7650031019597603
0.7653580752068538
0.7651377831735832
0.7654067159391723
0.7650643759963656
0.7650093174459401
0.7651215973829106
0.7645557905667916
0.7648957764859505
0.7649284261605399
0.7649553310799013
0.7648068982439747
0.7653239242622593
0.7648124682620757
0.7645587358146096
0.764893690725618
0.7645571314537987
0.7647635801269973
0.7636393807922258
0.7645200275803095
0.7643479315494066
0.7645761872006153
0.7642268747048134
0.7640875033997905
0.763952841675303
0.7641061992564769
0.7640444106713109
0.7636046875962382
0.7635512613862553
0.763716274420373
0.763610909923504
0.7641027303067884
0.7639861000019169
0.7638328846554534
0.7640257614540784
0.7637996093611563
0.7643464962134913
0.7640457099939313
0.7639536867052685
0.7633462446023185
0.7632140206086706
0.7635254097501705
0.763634342733767
0.7637806066557691
0.7640614142695824
0.7641244939812688
0.7641585150230621
0.7641594103739476
0.7641329376912916
0.7646380160855786
0.7646525944567291
0.7644210617749444
0.7644330826087541
0.7646922568415039
0.7651437875246417
0.7652137172939533
0.7655606514085915
0.765422954604687
0.7652214664754887
0.7651749012012037
0.7653230971359473
0.7653302313437027
0.7652199438817252
0.7655871320442573
0.7656821758817443
0.7656995801806452
0.7657269251181067
0.7655044006465754
0.7653988912582184
0.7651071815254156
0.7652207726310417
0.7653708283085389
0.7655610071795875
0.7654328178936911
0.7652155284805238
0.7651463918887821
0.7648382901839964
0.7646846536256696
0.7648495075436282
0.7646851808160868
0.7647720012637121
0.7649456323389123
0.7650369627868999
0.765123659179673
0.7653085201371941
0.7654867382110451
0.7653242742065197
0.765278024946709
0.7652266538530896
0.765237159379657
0.7652873531281682
0.7653390205814888
0.7650632561878117
0.7650079285237675
0.765017664643217
0.7650874823349693
0.7648423779699853
0.7648324245801454
0.7648564429866384
0.7651511114806632
0.7651542232602607
0.765255476298317
0.7653394144326888
0.7650866326958815
0.765115493303253
0.7650109613239653
0.7648172579489095
0.7649897810818805
0.76526020216242
0.7652433304032872
0.7652591891352617
0.7655505227870218
0.7655002697843843
0.7653841300262288
0.7653358122196287
0.7653918895815885
0.7653772531520847
0.7651688581000686
0.765131453206159
0.7650995917312826
0.7651851244214787
0.7654198163538812
0.7652978092489738
0.7652521346089507
0.7654353544926956
0.7654782364630748
0.765617552145219
0.7658477322321666
0.7659798861765836
0.7660051153487532
0.7660013299047362
0.7659253657972799
0.765854037534696
0.7658415166984448
0.7658842763676333
0.7658772520416407
0.7658389678101486
0.7657507879152604
0.7659148398747254
0.7659042711151297
0.7660883639679776
0.7662505358698882
0.7662843426944143
0.7661663137542272
0.7662212624549523
0.766103809577296
0.7661718456261507
0.7661300915985336
0.766179842996024
0.7662550250651441
0.7662300554375139
0.766392533919932
0.766420988983526
0.7665656127383498
0.766775722667965
0.7666944478884041
0.7665666797302504
0.7666184383477495
0.7666996986684139
0.7666406861461974
0.7667917726184649
0.76685404406646
0.7669722042645981
0.7669591703386452
0.7668852283048815
0.7670218066452718
0.7670341724940772
0.7670830777249265
0.766929665067093
0.7669509608357662
0.7670304169312303
0.7670087017641013
0.7668572545055252
0.7669235770063886
0.7669460312959953
0.7669495571113455
0.7670022797276608
0.766906997793204
0.7670710809980384
0.7671707021091584
0.7671549614430813
0.7671221914128317
0.7671082103388049
0.7671305129004382
0.7672423551451512
0.7672469402551421
0.7672028699272359
0.7671630386686127
0.7672120615645613
0.767152246260132
