0.0
1.0564906871339848
1.1126869101274535
1.1275805340350482
1.138180071498602
1.1457382818021902
1.1533482308727245
1.1581032417877657
1.1625347665636299
1.1658930763196829
1.1700601302742777
1.1719532663142933
1.1735133015404335
1.1768465698686301
1.1796357060814615
1.180554147713046
1.1813123412811268
1.1821981176231524
1.181388016660073
1.182551909712588
1.183537253377714
1.1842424121127542
1.1859420979002409
1.1865672824874138
1.1861881796025826
1.186067760744105
1.1860562889242316
1.1862859005331847
1.186501366006878
1.186612541414766
1.1870322597260259
1.1871442902275682
1.1876722938322197
1.1884524085855468
1.188710050199651
1.1892829038168065
1.1892187313921787
1.18971198376534
1.1904593536084702
1.1905502703661726
1.1911515952176146
1.1913215630147054
1.1912400465315343
1.1918928650544347
1.1919883030977956
1.1923968407185446
1.1927114496268072
1.1932226519838083
1.1929975921069862
1.1931848492131218
1.1933078435651334
1.1936989016204127
1.1941625404101974
1.193767510991674
1.193884540544396
1.1940763705767308
1.1942901609209842
1.194549783536886
1.1945881570002135
1.194401895054992
1.1947797959902133
1.1948577249621088
1.1950364012769314
1.1953038912765312
1.195457573548316
1.1957663731259438
1.195598352228914
1.195682001704962
1.1958962357848775
1.1960079805669341
1.1960702281982285
1.1960412163119252
1.196156107557763
1.1961367144369672
1.196133953474053
1.1960737932137042
1.195960687185539
1.1961973902026177
1.1962519015149118
1.1961809034773458
1.1960998032337973
1.1960346148656344
1.1961363742577416
1.1957527586115402
1.1957658161699503
1.1961011554706316
1.1959211077198508
1.196094505728353
1.1959922884728087
1.1959353305470222
1.1959016472995938
1.1959827998952175
1.196302977439399
1.1964319312319662
1.1966428271440095
1.1966309086200546
1.1966747912585016
1.1964900119460904
1.1965580756658007
1.196830437743722
1.1969087047608733
1.1970069492427766
1.1970922581958525
1.1970515089444012
1.1969424590921476
1.1970974894423598
1.1971372317855395
1.197354709414258
1.1975897778749827
1.1975841052320777
1.197636313643758
1.1977485589090373
1.1978219812086939
1.197824645071564
1.1978892273679718
1.1980095632768255
1.1979272502073717
1.1980563639991466
1.197966709618083
1.1980400222850125
1.1980031613987665
1.1981684102459587
1.1981858125744982
1.1981036069740398
1.197929592703501
1.1979177329854003
1.1979438927705193
1.19795474810526
1.1978023615901336
1.197875212073435
1.197785051027948
1.197823304007221
1.1977594660224093
1.1977660581417697
1.1977568110307408
1.1977318459677633
1.197729481600636
1.1978133098861738
1.1977827762856337
1.1977455235623995
1.197696611975523
1.197663830112028
1.197572619143093
1.1973657445409545
1.1971702560617876
1.1972268389110963
1.1972619164688973
1.197225877400901
1.1973269408841873
1.1972703803588716
1.1973829949724257
1.1975729399372783
1.1977115072367264
1.1977779948862384
1.1978122421291688
1.1978138182806743
1.1978161935311555
1.1978230447979794
1.1979177933223755
1.1979482284593008
1.1980290899960715
1.1980908417535434
1.1981787857253872
1.1983193696225785
1.198218388764249
1.1982386074196347
1.1984442959736574
1.1984015876056817
1.19846825386977
1.1986142677291156
1.1984507454178295
1.1985127187022533
1.1985681616831085
1.1985707050662289
1.1986224419121256
1.1986120344408375
1.1986811044925856
1.1986875645984645
1.198837001222631
1.198880402938813
1.1989602372443517
1.19907976290735
1.1990165882221193
1.1988615019311217
1.198903292951029
1.198935237993201
1.1988847112664835
1.198849044238278
1.1988619261267945
1.1988834017248953
1.198922506386867
1.1989243051988254
1.198861092832793
1.1988639687810436
1.1988403596111226
1.1988408476905414
1.1989102499661306
1.1989186023578633
1.1989083380174854
1.1988926177204795
1.1988674943787756
1.198904782503478
1.1988591970467402
1.1988470988819517
1.1988438049114365
1.1988571337715608
1.1988476873219294
1.1989484011366103
1.199062601383907
1.1989164338089864
1.199004640453436
1.199012454167301
1.198998768671306
1.199003650019942
1.199039753096648
1.1990071225723586
1.19917757266804
1.1991054907459453
1.1990414276776173
1.1990503361300922
1.1990360074365634
1.1990974191366564
1.1990976319910467
1.1991488135151422
1.1990273391103468
1.1989791284628026
1.1989611641456563
1.1989414135246466
1.1989640848397756
1.1989439083216713
1.1989204655703696
1.1989344244928821
1.1989702179985111
1.1989735672767556
1.1989827300697304
1.1989686720673156
1.1989476893209134
1.198940012785509
1.198922390626762
1.1988802921623238
1.198865017361111
