0.0
1.0035817868869927
1.0764473005864807
1.1055472355893923
1.1198926386604653
1.1310550861550266
1.1418066227385535
1.1494737879340247
1.1532105697435173
1.1573733279494165
1.161988557680236
1.1652544188250031
1.1669928577579787
1.1705172520189384
1.173777049326498
1.1749992314560453
1.1763568884102689
1.1779092468057508
1.177757013314267
1.1787419384302744
1.1795857898808884
1.1804355933831567
1.182302404041375
1.1835500764559521
1.18363841653419
1.1828596534112898
1.1830867430145213
1.1833780647090375
1.1840043037683483
1.1840220350878612
1.1844629638687043
1.1847796797904255
1.1851821733708023
1.1859312408118554
1.1864008763644456
1.1872517472962454
1.1871318804700945
1.1876568778541337
1.1881705420325612
1.1885671877231183
1.189045575455859
1.1893843861798974
1.1894420068540255
1.190221413168221
1.1903311653509878
1.1906405339754735
1.1909452154120288
1.1917599371442642
1.191671137467639
1.191609116215162
1.191703746316276
1.1920547504817673
1.1926176339496473
1.1924679345501648
1.1925318689727815
1.1926867311781615
1.1930834366222185
1.193051292688111
1.1932524320307643
1.1931550195272183
1.1933974483335132
1.1934809654178953
1.1938960568328567
1.1940948462977308
1.194281662727413
1.194564475048356
1.1945054201997605
1.1946073259271544
1.1948277962909168
1.1947474486968241
1.1949207037648877
1.1949335511257706
1.1950547870510835
1.195077231243806
1.1950307238600044
1.1949592353045122
1.1950389687117504
1.1952774957318926
1.1951885496407568
1.195157392526995
1.1952729978642944
1.1951119265590917
1.195104253980201
1.194786410973924
1.1948481755049583
1.1951514248725925
1.1950838518130056
1.1952773513692267
1.1951222750786288
1.1950575366692366
1.19505675701836
1.1951300195983894
1.1953349241269784
1.195437881236503
1.1957050721770242
1.1958318596420179
1.1958921981982782
1.1957718735615872
1.195840619225376
1.1959834389246085
1.1961170530693015
1.1961612546744587
1.1962522996886638
1.196271534003751
1.196256371849778
1.1962728503906737
1.1963768764197846
1.1966975946571825
1.196789249416942
1.1968625952187897
1.1969568741450012
1.1970412207895431
1.1971593248578658
1.1971321315396344
1.1972461892318478
1.197239647603825
1.1972358100159428
1.1972294986436944
1.197332231704021
1.197413059951646
1.1973445349046303
1.1974517367216344
1.1974750139840407
1.1974441058694052
1.1973583630719236
1.197186492355512
1.1973021630196925
1.1972432260977532
1.1972398279128176
1.197272628785556
1.1971871026532481
1.1971841983139293
1.1972376541130942
1.1972207543959574
1.1972058605904985
1.197201374522917
1.1971492954481306
1.197263970697526
1.1972383628356176
1.1971638084282503
1.197159974583888
1.1971596244103657
1.1970343696849675
1.196867680694499
1.1966792667695765
1.1967527066364505
1.1967937059277722
1.1966979635162565
1.1967357336861646
1.196745184127521
1.196850881667655
1.1969952002491584
1.1971735474848455
1.197272485529367
1.1973294623336084
1.1972669497083352
1.197385507992615
1.1973262672641505
1.1974109747600243
1.1974167539951819
1.1974830346567316
1.1975853795577451
1.1976917149643918
1.197749014748475
1.197784100523706
1.1977509228989769
1.1978630699876263
1.1979485928540201
1.1980016787046521
1.1981073077224078
1.1979858307549769
1.1980010279924436
1.1981222782277292
1.1981243889519715
1.198168960998799
1.1981611446734448
1.1982357379957214
1.1981615868337314
1.1983366571638083
1.1983792151560306
1.1985269368436344
1.1986387861835037
1.198585187770144
1.1984253437658925
1.1984383690379274
1.1984481923968426
1.1984961894772186
1.1984020230096462
1.198476845735411
1.1984838238163003
1.1984530756537939
1.1985098229298767
1.1984738613659907
1.1984483847952698
1.1984121527258846
1.1984622445783324
1.1984638239867376
1.1985795342851
1.198542705253074
1.1984895643888154
1.1984853370687707
1.1985141603310956
1.1984840456586154
1.1984635330263094
1.1984870111533628
1.1985440011314983
1.1984532739194547
1.1985741340888578
1.1986150141912932
1.1985756519208832
1.1986431600120477
1.1986458987766295
1.1985829654885818
1.198650929030803
1.1986375711317088
1.1986625277170926
1.1988249274717369
1.1987364699726923
1.198717700885254
1.1986716050536965
1.1987181828369249
1.198735666950599
1.198791468674456
1.1988060704147656
1.1987442544781755
1.1986637369747768
1.1986431355849365
1.198629375056156
1.1985974483859652
1.1985999104514704
1.1986192902736033
1.1986351164856826
1.1986604140027777
1.1986572694432904
1.1986572120647303
1.1986218212772388
1.1986436878307927
1.1986350965584032
1.1986253211067777
1.1985501423368536
1.1985622829861111
