0.0
3.2205185837563968
3.3615417244729557
3.4111021270282875
3.4392324093827815
3.4627006808427594
3.4853179848165237
3.5009588111495358
3.5078136406949385
3.51731754414371
3.527962336160119
3.5333028722615523
3.5387983028757377
3.545441030234962
3.5500471633667323
3.5522856935409677
3.5553848683177143
3.5574384352070334
3.557493978612797
3.560455870448284
3.562693776886069
3.5639551775747447
3.567140873002039
3.5685720641707968
3.5675588653760077
3.5656196485335454
3.5659556509054324
3.5668816197887208
3.5683759492601315
3.5686593833865845
3.569273107473302
3.5699084729775534
3.5709264980102455
3.5725970219962977
3.573612951543387
3.5753818563842423
3.575262100067962
3.5767227570628823
3.577497356742664
3.578367676746535
3.579828121422867
3.580011151315582
3.5806952282538345
3.5825791257679986
3.5824364875966004
3.583422831473473
3.5840500550724355
3.5852444894763402
3.5849061765342154
3.5849272190216697
3.585001382317194
3.585916769455395
3.5866439850574774
3.5864516703908347
3.586690492229212
3.586985112429983
3.5879716047910635
3.587872988170962
3.5882946192007825
3.5879349180431785
3.5882324613689236
3.588472914803888
3.5896914948881875
3.590326191205693
3.5906450493283804
3.591119098503309
3.5910246926036846
3.591214509181833
3.5915986332074024
3.591407338881695
3.5915402134920233
3.591283357941266
3.5915353397664544
3.591470755511327
3.591354320518276
3.5913688444416803
3.591505491583049
3.5919520896875077
3.592004134726509
3.5921059830353683
3.592365054067227
3.5921819759287064
3.591996127530019
3.591104812306939
3.591079579637743
3.5917178815828166
3.591714836581069
3.5921238188644615
3.5916862598986348
3.5914502750962405
3.5919091360873843
3.5921078249911718
3.592537707275339
3.5928491416097152
3.593473101534377
3.593400003566896
3.593499244069264
3.593138616829789
3.593389035744072
3.593689899118329
3.5939695212860725
3.5940271682301392
3.5941017298128517
3.5940506520399174
3.594002383161297
3.594152035095335
3.5943314877870276
3.5948617232600957
3.5950177980388234
3.5951939762328458
3.595388779992626
3.5955353979551545
3.5957108172546395
3.595635591965944
3.595940570276049
3.595844783989166
3.5958145357386813
3.5957871920751763
3.596095984507061
3.5960720561053647
3.595887704514379
3.5959794642410228
3.5960270607057834
3.5957219096937987
3.5955602169266587
3.595300046482016
3.5955212703643764
3.595493360366259
3.5955910713395567
3.5956675428662783
3.5954634927332085
3.5955164427440356
3.5953557769393454
3.595419658953986
3.595486852449867
3.595421564384986
3.5952707906871257
3.595539390619102
3.595343882216505
3.595239307388268
3.5951750005124175
3.5951237366070363
3.5948442492788306
3.594387235155703
3.5940344170733503
3.5941095200376374
3.59413570136631
3.594017813302468
3.594109877550139
3.5940368809405587
3.5941541685332625
3.594539118497648
3.595013099281185
3.595270918762399
3.595389817007103
3.595285353173669
3.5955777893620517
3.595658593837722
3.595783123056733
3.595798603992605
3.595983403722194
3.596250689550777
3.596516791965226
3.5968001744990405
3.596766255596909
3.596588427927281
3.5968349728625926
3.5970120623110713
3.597238496738606
3.597471528485752
3.5971452431745
3.597175260941892
3.597467577325156
3.597619302330426
3.5977426006477455
3.597599477386372
3.597677562083013
3.597590598431742
3.597937415737211
3.597885798008398
3.5982637938951343
3.59849963423467
3.598361845957406
3.598109990503324
3.5980452064287944
3.597938165881294
3.5979758032342937
3.5978638208223623
3.598034672605573
3.5980363197238687
3.5980298448592456
3.5981445228241977
3.5981532149502367
3.5979614377215423
3.5978587150072974
3.5979735145843352
3.5980148865411947
3.5980829927532025
3.5980264248308003
3.597926922723343
3.5979631432740877
3.597987918508037
3.59804531810043
3.5978369523988722
3.597915184326736
3.5979401611890665
3.597757270240789
3.5980466317732698
3.5982125610000684
3.598182196901787
3.598216787734115
3.598219103497819
3.5980993778224426
3.5982732802670006
3.5981998539789455
3.5982677200265787
3.5986406881319675
3.5983491300725152
3.598285394278583
3.598247359033548
3.5983597835123136
3.5984081469908586
3.598532796058704
3.598466489743621
3.5981812106209015
3.5979466300083587
3.59785947165461
3.597736263846148
3.5976946292830907
3.597683472141799
3.5977090755601324
3.597766581402893
3.597797966594245
3.597870708367392
3.5978251365188276
3.597814694276813
3.5978626528565374
3.597844113469289
3.59781976628313
3.597638404522068
3.5976274956597223
