0.0
1.0119049080843423
1.0838652362360084
1.108930282709477
1.1228212192083724
1.1333201173796001
1.1437809302746826
1.15081288774164
1.1546426583770881
1.158834286799932
1.163381586455373
1.1663788341365267
1.1679910120194208
1.171518724204674
1.1747627980222284
1.1757890775719482
1.177121791448315
1.1785602413975258
1.1782560984361703
1.1793038411492343
1.1800870553497986
1.181111400565929
1.1829652487679343
1.1839803016041308
1.1839856229293186
1.1834273295032853
1.1836025319709005
1.1838988725857758
1.184469311696351
1.1844260972248783
1.1848622479457618
1.1851660812248341
1.1855727836989531
1.1864244285242702
1.1868068066245023
1.1876014352005066
1.187442920062081
1.1879947065725633
1.188537164787778
1.1889077206815228
1.1894557148228024
1.189689253345956
1.1897334136057498
1.1905575230632608
1.190588614684863
1.1909761737630593
1.1912820452718407
1.1919649389210232
1.1918583064560675
1.1918721830396943
1.1919615469074583
1.1923381384838874
1.1928580103393776
1.1926546416432946
1.1927440527111997
1.1929542432272815
1.193264794972591
1.193302564752569
1.1934365162345761
1.193333776433365
1.193607947784101
1.1936944165168641
1.194097665138059
1.194295320167515
1.1944444196080792
1.19478282064203
1.1947125657494717
1.1947647382614757
1.195034591026392
1.1949644572530043
1.1951048516203013
1.195102268396253
1.195217544653836
1.1952645128445496
1.1952066780776305
1.1951345792129449
1.1951640342969951
1.1953924826061286
1.1953638278581733
1.1953271538142463
1.1954178519609906
1.1952501691914073
1.1952646297459018
1.194937010713547
1.1949690811246068
1.1952831622347477
1.195235254729728
1.1954150410773732
1.1952613591318852
1.195184817053495
1.1952014307202437
1.1952673802994258
1.195489190582402
1.195605889894371
1.195867136359237
1.1959469885148895
1.196034611481958
1.1958537547956858
1.1959694960992506
1.196124167578743
1.1962394466656299
1.196305641675799
1.1963748470214273
1.1964067970967
1.1963740587780956
1.196429098165312
1.196488657351094
1.1967864271460489
1.1969230727576674
1.1969701046336831
1.197052753393384
1.1971350635430895
1.1972732554212222
1.1972519676352762
1.1973295674243343
1.1973698536036783
1.1973547919711316
1.1973719464155175
1.1974359550559486
1.1975224774165971
1.197447614900911
1.197552889016906
1.197577471567641
1.1975446721442937
1.1974392174374087
1.1973166994324327
1.1973900005586875
1.197370356626832
1.1973212071267616
1.1973725548149632
1.1972882630588806
1.1972965140137828
1.1973155808192062
1.1972902635877407
1.1973049735406471
1.1972775697350968
1.1972574823326483
1.1973561608701677
1.1973289412663832
1.197264039727186
1.1972399588055291
1.1972510464027442
1.1971113935973945
1.1969560029172033
1.1967588378656877
1.1968236471862748
1.196859701403557
1.1967953971774477
1.196824590876877
1.1968220848687898
1.1969428947119767
1.1970805677549234
1.1972523567368316
1.1973618433562148
1.1974114757504695
1.1973610346382024
1.197444768980126
1.1974067138022415
1.197474430308227
1.197506834593041
1.197574993478709
1.197666253451226
1.197762444735289
1.1978265000552981
1.197858731461218
1.197820366750016
1.197957980118448
1.1980437140301488
1.1980853833962357
1.1981812715681028
1.1980562955498426
1.1980908784293893
1.1981949521215514
1.1982086848357894
1.1982497794560734
1.1982407573041887
1.1983015812212126
1.1982344145411057
1.1984317518133243
1.1984621404537168
1.1985877002488037
1.1987085654943632
1.1986545838884242
1.198491514605774
1.1985084261571841
1.1985249090989196
1.1985633932407227
1.198466778412127
1.1985301752601873
1.1985458272435825
1.1985332558988349
1.1985861749363667
1.19852743635136
1.198528668157705
1.198478598708917
1.1985276822307318
1.198533578128694
1.1986416637775612
1.1985939991356473
1.1985556495034266
1.198547836504492
1.1985705188408924
1.1985536613782735
1.1985270331802744
1.1985406260130598
1.198587827037772
1.198519009596963
1.1986382941685296
1.198692637755869
1.19863795210206
1.1987057836001247
1.1987069913876316
1.198659124490089
1.1986992218812464
1.1987026747923606
1.1987158218681566
1.1988900311750867
1.1987916731189423
1.1987660807629532
1.1987429516305348
1.198776184335295
1.1987839791060055
1.1988319385746598
1.1988644593819509
1.198787269418876
1.1987106117072175
1.1986915311756468
1.1986706743566506
1.1986562701538162
1.1986459664278564
1.1986640137115532
1.1986796463247762
1.1987109255871102
1.1987036523747214
1.1987139691970963
1.1986866480832932
1.1986834121861767
1.1986823448963533
1.198671276640227
1.1985953608619537
1.198611111111111
