0.0
0.7428121868753719
0.7796618630748384
0.7936189761553524
0.8013682785849392
0.8079972171023044
0.8122148399843505
0.8167394958471973
0.8190562353111669
0.8215708032530462
0.824395053733972
0.8255571365802947
0.8264322286280987
0.8280307166576305
0.8295492181921508
0.8304513636305525
0.8311576809250432
0.8310832620194525
0.8307239899333406
0.8312526232539413
0.8321231847404186
0.832588650616166
0.8333850378223596
0.8334929076384714
0.8331980272570185
0.8329305329626993
0.8331073169409889
0.8333437314532979
0.8335981830195907
0.8338840095937716
0.8341023525983573
0.8342720010935702
0.8340466738765382
0.8342791363808052
0.8344372979299253
0.8346371332278584
0.8345325921167255
0.834715305656385
0.8349513679249623
0.8352805016480244
0.8355693376003588
0.8355499613466083
0.8356984247702107
0.8361404235575391
0.8358826635154759
0.8362748778062652
0.8364466954823837
0.8365940792432766
0.836334748917095
0.836334772650443
0.8365371870101049
0.8366923727514891
0.8370774329842481
0.8368115160150139
0.8367776068185786
0.8367344483664212
0.836796198130422
0.8369561504307464
0.8371222861469578
0.8369635752896167
0.8370440799461988
0.8372225333462995
0.8374301490204679
0.8376329591320376
0.837620502654472
0.8378556729242759
0.8379222449642936
0.837855886861381
0.8379777036010587
0.837945359218456
0.837920028774047
0.8379169420063126
0.8379410806673052
0.8378857123959697
0.8379761235859264
0.8379878868802694
0.8378694290654417
0.8379885862383523
0.8379994011527624
0.8379619095668226
0.8379952460147619
0.8379275800847298
0.8378810462403078
0.8377341488000856
0.8378371793680424
0.8380199278573439
0.8380286542845546
0.8380174765026855
0.8379145400022293
0.8378056725668588
0.8379465613349226
0.8380320333466964
0.8381882478095924
0.8382986642295541
0.8385203681291009
0.838526264847287
0.8385718876558996
0.8384615095473855
0.838484291038692
0.8385255356560278
0.8386042326887384
0.8386074008062572
0.8387526815906616
0.8387252205048886
0.8386083547679352
0.8386403253441278
0.838824555912875
0.838948392326531
0.8389046462609429
0.8389804818804786
0.8390162885061666
0.8391086900222464
0.8390773057658882
0.8390507455450759
0.8391691589304386
0.8391895522183238
0.8391935510964492
0.8392722299739989
0.8393416277542941
0.8392720176777061
0.8392138481114738
0.8392626257039415
0.839275370998558
0.8391680118846433
0.8390657553994119
0.8390905196531117
0.8391810141549424
0.8392212520148263
0.8391536097307815
0.8391563955105847
0.8391343889624246
0.8392230829496463
0.8391777814853597
0.8392914257915309
0.8392633867936201
0.8392456889582759
0.8392168433602782
0.8392513282368403
0.8391720773916784
0.8391803682878064
0.8391709113931936
0.8391386503726445
0.839082559855193
0.8389684836551339
0.8387969202211456
0.8387622862133263
0.8387967250338642
0.8388323660819091
0.8388751250355254
0.8388146911755137
0.8388155757351655
0.8389252757037253
0.8390122497575808
0.8391054241205405
0.8391271782918175
0.8390733518525119
0.8391281970882469
0.839135860325304
0.8391648109872508
0.8391733091158888
0.8392009745570941
0.8392415081109671
0.8393019969892714
0.8393706742069332
0.8393420920167934
0.8393574904605353
0.8394549895042124
0.8394978679410895
0.839503272735936
0.8395766898829669
0.8395522746299333
0.8395873724378982
0.8396153620088516
0.8396358899590521
0.8396847716334505
0.8396620522580758
0.8397359802631711
0.8397361490671799
0.8398120351086207
0.8398369225076991
0.839905416080978
0.8399254048515479
0.8398652394962995
0.8398194147813031
0.8398019961736091
0.8397669183767347
0.8397580623779887
0.8397820909010513
0.8398077711684133
0.8397586594795251
0.8397724749179383
0.8397666594484234
0.8397638842634647
0.8397122932901551
0.8397288866811783
0.8397356665014409
0.8397419159636623
0.8397134020779805
0.8397042084256228
0.8396572209559275
0.8396568944383809
0.8397006025412506
0.8397459201951551
0.8397506106509814
0.8397616796973588
0.8397297366367752
0.8397107086226321
0.8397444242514951
0.8397802581499907
0.8397831391754558
0.8397933396507007
0.8397723869830261
0.839798554613321
0.8397958887661937
0.839796010592237
0.8397917160842884
0.8398679869303347
0.8398440867323455
0.8398171499068217
0.8397926007251377
0.8397687548906613
0.8397740169502335
0.8397431953251844
0.8397148059457976
0.8395960121900278
0.8395606109044369
0.8395352338851964
0.8394920335234094
0.839524786305519
0.839504279807888
0.8395278106959867
0.8395566000326363
0.8395607199663736
0.8395620147520145
0.8395731783347129
0.8395506831245254
0.8395440932637405
0.8395287752452555
0.8395134882445449
0.8394571906313997
0.8394678780423299
