0.0
0.85370114897799
0.8897849283159767
0.9007657691595015
0.9107163896468657
0.9179732112407545
0.9241971675354299
0.9285805955061389
0.93104598342967
0.933331048904835
0.9350067319519152
0.9369715468328671
0.939196794150026
0.941604589908402
0.9432500150802692
0.9443491906192031
0.9452685517648272
0.94578703611211
0.9464360473862787
0.9474016243120004
0.9480838840247634
0.9484485518315587
0.9496042469233993
0.9496019893148901
0.9494985073953569
0.9493336499839179
0.9492719045538106
0.9492969764231739
0.9492312949749787
0.9493695604368919
0.949692046037223
0.9499032833182276
0.9501536166108387
0.9504221011363977
0.9508222745914021
0.9512343204627659
0.951417921373692
0.951736063596086
0.9517173434280168
0.9517182895749066
0.9516549321508949
0.9518189028797563
0.9519601438265076
0.9523689689712451
0.952604842584793
0.95281149496738
0.9529669250214552
0.9530449245489366
0.9530460913747467
0.9531784512498979
0.9531182586613791
0.9533155218219962
0.9533582796638883
0.9534541937179223
0.9535328641313889
0.9535492627459916
0.9536590429605658
0.9537816214191788
0.9539018765139099
0.9540713144632657
0.9541446470228818
0.9542443572605656
0.9543807438501908
0.9545965032792593
0.9546702334932301
0.954689421208712
0.9547017683993311
0.9546545299158935
0.9547846602573031
0.9547281478077725
0.9547622324679709
0.9547827402556245
0.954648212711188
0.9545706824741921
0.9544920412004546
0.9544739351239143
0.9545357707290553
0.9545024090199631
0.9544979933402274
0.9546865980136783
0.9548568917932159
0.9550930924209775
0.9553087379485388
0.9553672627975034
0.955551698352192
0.9555900736763361
0.955642903563432
0.9558454962621157
0.9558663592217199
0.9559384673036567
0.9560908865747586
0.9562865340915647
0.9564760645711188
0.956599235163905
0.9566679814019283
0.9567522389374151
0.9568882176462025
0.9569137724597179
0.9570066923971003
0.9571293848051413
0.9572019097419343
0.9572153776003887
0.9572405320239272
0.9572117164430775
0.9571615139589302
0.9571889606762326
0.9572201446893086
0.9573104172546463
0.9573497920972279
0.9574193731415449
0.9575157988404508
0.9575220544290305
0.9574963057329885
0.9575184427715706
0.9574619984705853
0.9573598007467924
0.9573775826921338
0.957432216994873
0.9574418721811812
0.9574652636426966
0.9575039807082734
0.9575190437696782
0.9574789408888816
0.957341632419635
0.95732288904016
0.9573643019877015
0.9573121811186062
0.957236261136569
0.9572811390206524
0.9572893851494817
0.9573404374827107
0.957355506338107
0.9572490514791406
0.9572107777021431
0.9572210037788642
0.9571987376523801
0.9572164385531765
0.9572521515415284
0.9572177053035387
0.9572179506560703
0.9571795078113483
0.9571590590839484
0.957135449354105
0.9571656703705428
0.957240899475181
0.9572215051229394
0.9572880099639296
0.9573998445604547
0.9574106971923404
0.9574087596523205
0.9574788274854258
0.9575522285575929
0.9576596562788754
0.9576837540771101
0.9577873237630213
0.9578119298557167
0.957841358548695
0.9579418367817263
0.9579978734030065
0.9580046156302032
0.9580266742669488
0.9580845208795196
0.9581597541260083
0.9582054382681947
0.9582428882519002
0.9582702087773688
0.9582983160850153
0.9583079418092753
0.9583802099268577
0.9584260188210673
0.9583647125111807
0.9583602306756118
0.9583811952654077
0.9584488796424765
0.9585247198187422
0.9585234765159896
0.9585273445530194
0.9585817912321972
0.9586003634410043
0.9585923883047895
0.9586528215500917
0.9586758572055384
0.958645186761618
0.9586067561654288
0.9586148120420994
0.95858976037399
0.9585153439093479
0.9585341472596938
0.9585515428764364
0.9585713614786459
0.9585457678434105
0.9585077659026201
0.9585152424920279
0.9585499155311693
0.9585536272093148
0.9585678184417462
0.9585909939793693
0.9585743935982234
0.9585530928286221
0.9584806896410922
0.958529565080282
0.958574760435096
0.9586090490189991
0.9586199188235426
0.9586253384607678
0.9586291215000555
0.9586396284570622
0.9587044450618986
0.9586754100339994
0.958690240504563
0.958671273825226
0.958669705809223
0.958670009467635
0.9586740320690416
0.9587066593211402
0.9587316177575242
0.9587658581187587
0.9587081672866038
0.9586870041473126
0.9587575117559805
0.9587917027366976
0.9588224804599328
0.9588610546502876
0.9588778927267073
0.9588587402764455
0.9588210912205481
0.9587921915546459
0.958790883731912
0.9587988560849761
0.9587852932242519
0.958751695726526
0.9587743390309211
0.9588164962471887
0.9588077958203353
0.9587797273178821
0.9587620097717195
0.9587818661631202
0.958823536554281
0.9588448276966001
0.9588457494823839
0.9588191761179164
