0.0
0.4140564249422715
0.43732236792242507
0.4453836486232098
0.45017864698238114
0.4538339963411685
0.4585358644565287
0.4612078286564045
0.46329262106146407
0.4649524976337383
0.4669085948424814
0.46759072833686915
0.467968763798836
0.46912272063926935
0.470190857005466
0.4708654248944881
0.471349210827051
0.4719067511532497
0.4721678695090097
0.47284369636564744
0.4733993110890316
0.4736990220067438
0.47470107052039257
0.47503393126879534
0.47509514628825855
0.4749761992536739
0.4750011572143709
0.4750932144059869
0.47528944070695134
0.4752693911704374
0.47530240165564736
0.4752826128976498
0.47526273888575804
0.4755093575007179
0.475654341936679
0.4756791702058198
0.47583634039591555
0.4760318869681967
0.47625010793609684
0.4764931310666674
0.47665943436429337
0.47669132129114783
0.47665049997632064
0.4767903866263646
0.47671452114518903
0.47686289779685337
0.47670208210883214
0.47690286645044394
0.4768484012735079
0.4768120441476445
0.4767312075134529
0.47702857295080664
0.47726048497229934
0.47723445240726037
0.4773230714226542
0.4773140535352536
0.4774106522283006
0.4773178034561947
0.4772766110843956
0.4773754560374953
0.47750772065413105
0.47753045494919183
0.4776576762573059
0.477869596118223
0.47786260219339277
0.47792057053545267
0.4778800118052133
0.47779394460300445
0.477831691981194
0.4776327960112079
0.47784970411921635
0.47796277510185137
0.47806146166479474
0.4780242484838629
0.47803082463144203
0.4779448926175412
0.47792892297595024
0.47798252755929854
0.4779282865192231
0.4779083225839498
0.47791749612220397
0.47787897218133774
0.4779687252780449
0.47780371139440736
0.47775764855339553
0.47784494896824053
0.47776014814072504
0.4779330394391553
0.47780426128350834
0.4776751470386147
0.47760211956746734
0.47760914940006616
0.47770089508740043
0.477744218059081
0.4777712139334246
0.47783539393012336
0.47783619849242104
0.4778168595924546
0.4778878273205419
0.47795197237083475
0.4780381128848816
0.4780568394300301
0.47803884153773163
0.4780866188699457
0.4782197479781438
0.4782371163731417
0.4782325959621885
0.4783594277692886
0.478352477251
0.4783709012643651
0.47838479451973764
0.47847189188586936
0.4785205536907726
0.47852152380331675
0.4785769339668027
0.4786155979436458
0.47862612997738463
0.4786434172274351
0.47859246114497
0.47860153882921713
0.4785421802087806
0.47861533322667466
0.47870346453427814
0.47870894700628824
0.47862905207758827
0.4785570453150051
0.4785509399618773
0.4784367422151002
0.47837197558092676
0.4783700375287438
0.47829727222024504
0.4783550898398247
0.4784271459333243
0.47842335601003505
0.4784132849825371
0.47841576780101713
0.4784110322827867
0.4783797897134788
0.4783475870033312
0.47832856531970747
0.47830090691469146
0.4783272308334347
0.47827404358652054
0.4781824804003942
0.4780973116716263
0.47814760858486777
0.4782125400042268
0.4781599591689394
0.478186276926415
0.47819484524643335
0.47829876011970796
0.47834381819565647
0.4784131241272505
0.4784769124366251
0.4784395199800617
0.4784604296446616
0.47845957350700064
0.4783914548104716
0.4784468267829745
0.47851463976327757
0.4785356867477178
0.47858378330824736
0.47868654099862396
0.4787143639103099
0.47871216816707085
0.47870200626168263
0.47879506944617445
0.47881781367956566
0.4787882078006297
0.47882669465898636
0.4787934982700189
0.47880829910524814
0.47883285058004454
0.47882031710421846
0.478830500465573
0.47884533982764776
0.4788467338850088
0.47887607934445664
0.47896087943116117
0.4790074459310564
0.4790579893371679
0.4791135055889077
0.4790705950720984
0.47905085947753984
0.4790297448192493
0.47899666932680773
0.47903101519051755
0.4790103356484127
0.47899810180526287
0.4790136531347064
0.479032163528123
0.4791006900788403
0.47909610504874894
0.47907760609404654
0.47904419475887555
0.47906797703686027
0.4790785167219228
0.4791149463935194
0.479088261565084
0.47909792246213073
0.4791118003018582
0.47909545545964005
0.4791248554840281
0.4791456288885358
0.47916144312399805
0.479183286829449
0.4791601704817684
0.4791679588950604
0.4791844104150897
0.47916536882028343
0.4791773214341071
0.4791978315135556
0.47918555476238417
0.4791991873430538
0.47917608786144217
0.47917554894702935
0.4792428056317747
0.4792322800037303
0.4792390985383318
0.4791963987579619
0.47920557093526034
0.47923850426365283
0.47926345815385046
0.47923769269094246
0.479247337516277
0.47925339614172185
0.4792531796777815
0.4792692011497544
0.4792658834787614
0.4792962157010098
0.4793057468586664
0.47931784108125064
0.47934765456862355
0.47936415228299506
0.4793860862914825
0.47940224342384585
0.47939165611896806
0.47937710103579295
0.47937600166630107
0.47934777907714543
0.47932777869701504
