0.3707066790471834
1.0474598742695642
1.50320427724559
1.960746288372748
1.148772993322885
0.7147177246635625
2.5235332020263668
1.8177055579153096
1.6566409767988464
1.0456220536096834
0.9122061306770993
4.100913989550536
0.6680280838829192
3.522960155612542
6.675788893859503
6.40342782134678
2.5930888737223325
1.3020845323360284
3.464561689995367
0.46510343784336633
2.55736468906883
1.072826036331496
1.361411208106512
0.9556757532175241
2.5585339103761777
3.682614803649148
0.35629441605308726
3.004576355450559
4.520022143562138
0.9395833772042069
1.7447427972286003
0.8720086203837865
1.8934945011618358
2.6378935372368812
5.373860251570136
8.118467060768662
5.53633554620476
8.211279354885928
4.384177279953375
2.771145774760332
2.3084576883779904
0.8108012635465347
0.8310261204353766
2.0975776554769463
3.6805931315822176
5.5178840268951905
2.8153776020717154
4.095560140969109
3.6246954468216748
0.7921420436263815
4.778206825093764
8.657686256197243
11.62234260679067
11.485120309607442
13.575135772746766
12.994715913727337
13.951727410871642
11.464427996900897
7.06328281801734
1.666641913873965
1.2858252574789553
2.1445445020323137
1.0339799669616525
3.818499781014296
5.140776057652753
3.4141695426839824
4.21398477579185
3.9565886630438687
2.1149290903332503
0.713145048374843
3.5002272607121556
3.427747317122041
0.6859165755860462
2.8943259514128434
6.360019727841126
8.914657945711514
10.849209418494118
9.679880017666996
11.987377915857467
7.130265283560119
8.687978611890674
5.772272160558264
4.055268317448706
2.532680501279043
2.710742957288737
2.9446379056392056
2.599062300957981
1.1937109002252244
4.911017306049495
8.183353612676884
5.363400126890524
7.8283069582368405
6.5555504937730475
4.785258955341377
0.7124420299629022
1.837003833771143
5.026035452166472
1.803790544261659
6.062646606707989
0.8492658485447966
2.5949386648523345
1.3547322629455856
1.5556490362217585
5.298130797099731
6.452895557879816
2.5147739109956757
3.918588569156877
2.544028018329383
1.504641643130785
1.4584014024152663
5.859885432556728
10.960290732928552
7.195628684752551
3.6373409684166607
6.2018092198526995
5.8397299679282915
8.374293980618825
9.273302502486478
7.707811496055588
5.717593891912296
2.6135175231474865
0.9486328590465126
4.339288335488031
7.654636847115383
1.5239323843490173
6.654452971366879
4.693483447014348
5.263477155350646
