0.569525375904496
4.684177919279167
9.298790110419501
12.068421663122066
7.530492741269189
6.1687563437801405
1.0740887264608094
0.5842482144610263
2.9711185248271903
6.434418390673579
6.977621922254195
3.155472064248419
4.166537554160615
3.517324427000968
2.3685858029054874
2.7122544710116676
2.5924694526578818
3.7167247183977143
3.1088064207051884
4.416521592076832
2.0106528174494005
3.299192972955659
6.981948163229899
8.146712647320454
6.838997774766413
6.382544618360641
6.65172937288243
5.1958918068012965
5.234039829214103
5.611620778957256
7.640831840089021
7.87738414197953
8.842985625837816
13.598532035791383
10.712236485175103
9.50999459121561
8.101961862806435
5.265961016498226
7.37935604078955
10.248802664792697
9.899407785070713
10.563748506683497
13.037511190151696
14.26151350528372
15.658326440820659
15.535389776841559
15.63920227354211
14.688207630639564
15.202568095436575
16.9969459853237
12.64502354932339
9.55633311035446
9.563001467191329
12.265257915752695
11.725306633236885
13.835065403563558
13.694667385681806
14.921214970346616
18.59080910713897
22.918732470883047
25.03532124810987
25.1872987759166
24.49941440588591
23.966251785595635
20.48175508656144
20.13894180460561
17.413435952960647
16.897629096544645
19.643562669845057
20.38366867605104
18.224843024821766
15.358051374788941
15.456798999175634
10.805972410998072
6.456240506215048
5.711994431359229
5.646688208640244
5.7669535865249735
5.560744775722176
5.753831149995787
5.297312577358873
6.8283913900118405
7.55095757822291
8.06205047767335
7.923123205487913
3.673887355578489
1.5916495233604175
4.367796623331201
7.175110456414887
4.553756296510314
3.8787324114169603
1.5822699013366777
1.6757221785101357
1.3733815547201185
3.110430219298663
2.6512475826215356
1.5518868263058638
2.959069405839998
3.6893239661137933
10.25762792729195
9.106068168761913
10.80254606490045
11.973903871833578
6.168146463296121
2.3702321287488415
3.7417322294466646
2.3866890893114108
2.229565837537438
4.728398173491231
3.2700899162564725
5.558577002058339
4.448053276227019
8.290837109947049
8.71345779298555
7.963157790899611
4.460868156430217
0.4290673500598099
0.36986718031831356
3.2202740526960896
5.446948447616496
6.235356648081902
8.463159979001771
6.537826879301029
1.55894953310247
2.974269207286515
4.138570013519124
5.399522146248196
7.508133861930855
