0.45814055225670874
0.4323031442203659
0.5897675629631202
0.4115842822152106
1.503876731878405
1.141022575435116
3.2719886797263245
0.91111601768418
0.07770124912965522
1.0272012217099373
0.47942702751608485
0.3977892404666288
0.6538596896110482
0.06923463377905037
0.7149532840383648
0.3855314315986074
2.04954554647973
0.32297646464712676
0.22691969624182012
0.28163746510903
0.8795135081807819
1.2471182678845045
0.16033285465844593
0.8503227760638433
0.4698879007245263
0.5719445838100659
0.13334656123842845
0.7243619344415312
3.5798660465349172
3.0999706505175877
0.3099051915348628
0.9194078403600129
0.15036828388157503
0.327106754882086
0.5729955780105883
0.4533211313126161
1.2016156811220717
1.5094559967384322
2.2430402288627826
0.14598591060739655
0.7438744620621891
0.31703690794853573
0.4773253991684845
1.6054799454053272
0.532617586402904
0.4257571175631018
1.6536786179019294
0.32880535970922603
0.3174415957979932
0.1849910191131264
0.5873246281216515
0.5617138824104362
0.5849329004738161
0.5186538783303327
0.2594698238714391
0.8773855944824861
1.1937098307784053
1.2160201357482778
1.4914943395437918
1.154120250538722
2.3651608206574797
2.0631530670428075
0.20330117459756036
0.514356729071299
3.0173259844923206
0.542147180840351
0.9475480286125096
0.6991668487507767
1.5779895376448687
0.3854750662530646
0.7591078234689681
0.8541403381912037
0.4809457732756329
0.7805737668764091
1.299801095395605
0.22957018964527487
0.43004144607333883
0.9460470357101807
0.4991576928945511
4.574669272457917
2.829916151114192
0.6387613213915261
0.5085302745490166
1.1184223062494565
0.3649010402649432
1.3860953102169715
0.4731385881137099
0.275495479350021
0.3721926893367659
0.7119394838056784
1.6967871180245444
0.3752287701484571
0.35546423822784085
0.1234457054791717
1.5774583120470187
0.19831670568776713
0.43339003856674496
0.5900624537942062
0.14274146163909324
0.3812470074300807
0.4383464801938294
0.2787832654727074
0.3364191721658777
0.9476350332029116
0.8788585022630464
1.2913361614243895
1.1142011936512382
0.9694471949610459
0.9969797147181303
0.9975219538998902
0.19758539695811417
1.9636848117739247
0.7977273539729242
3.1573024001558467
1.8433353247871782
0.934497027945965
1.0207541327440048
0.9820536746954052
0.9239423107047274
1.5218734774169687
2.2582051777497716
0.34580345621615904
0.4105213565333012
1.6306657382265548
6.847849543486147
2.9858645019731482
1.052528616610182
0.4122260988683792
