1.3983726072083882
6.163940937769096
11.391761950628212
14.440752233710025
10.183142466470478
8.02449664387882
6.869610608213501
3.3130697900605157
4.705460750755691
8.507241665993199
8.36925508044738
7.654175294265584
5.488425327654583
7.1095192163925605
9.759327980803354
9.501213723957054
7.235103872859945
5.341785715380869
6.800287806942375
5.163262495029229
5.447531014699012
5.619137277171659
8.503692225994858
9.952711176601822
9.867419585867117
10.637104005819856
7.141370350173946
8.924830096693386
13.33392801931116
9.65117480667905
9.695479828852484
9.668800602723328
10.886848410881226
16.563532327910348
16.659092314755828
18.081782783296887
14.839913090133267
14.986696368122585
14.006573549605708
13.165934350160425
12.951739935510892
11.691586678178568
14.345862709755556
17.964571106165995
19.87153715880578
21.47903092129985
20.108258493515756
19.112573131317898
19.144705138056246
17.974079048063206
18.010555002538805
18.77573324896214
21.770276974455815
24.26903210369047
25.55991222985509
27.70716691177338
28.840104627331854
27.60166310299579
27.145586264700103
25.73949463529573
28.686307326246304
29.394996344991718
25.736695547445127
28.29910829568123
28.63985712870651
24.095258528129946
22.57496875736501
21.55338460833929
23.336481297823173
21.482288790678947
22.48417810900289
19.639939030102187
16.623661348037313
14.480872129287324
14.11606132945178
14.856222566716019
16.9259390732077
16.39288063990215
18.047280384474195
17.458765706013825
16.81520734036374
13.23942487196163
12.114756170220632
11.71315328520185
10.998767203041593
8.004620571434666
4.663850412432109
5.837003002906446
12.458320451801148
13.449049392992876
10.938919656332029
9.785805629721976
8.586736910511025
6.282086215540668
5.400330561308584
4.686568122080446
7.0113123170390805
5.352922403895863
9.894712034460875
11.488140783266827
12.139353313808076
12.436061593318744
13.865972080221216
12.413912293598763
9.701986188891704
7.54784230186673
7.419478852119526
5.743041050827867
7.230019531340146
5.726013272571629
11.616047831573182
17.372028820929497
16.284193148672525
15.508101161558056
16.00830233553949
11.235095152304474
9.82411546342264
10.625223357500197
11.852027859456406
12.686415816945761
11.10707934897916
9.757596294264443
11.287636571322361
10.844252118444407
11.34605113512168
13.778887486859151
11.145534209872725
13.18383711614988
