1.704810867651346
3.103720901394619
4.545783951704669
8.004459157136253
8.488703144485445
10.75184597823207
8.05092972881834
9.781624185874009
2.208080235203509
4.936184700802379
4.3790587620160295
6.05720617378389
6.285124488382175
5.733678461054305
10.219102468390384
6.249611502575382
8.165581651254751
3.329954526616575
11.735048147969271
3.784841034958191
5.606158055348814
4.771448162791671
3.938368740717994
5.092116769708316
9.269674219749266
6.617060100154745
8.00916662356391
5.278588908375394
10.79976591119733
11.537365866359085
7.011995291867073
7.098185771259335
9.619906282173066
11.700973154905377
9.487839953981652
11.844753897636426
17.342683017562358
16.706427122454038
12.714100488479772
11.871849543418357
16.146392051472365
8.054660476706694
7.01244457193615
9.830873001722686
8.789028698665177
16.935524181547237
15.533085481647234
11.63501231998837
13.615222731801062
10.90714939289149
19.54565765440335
20.740864637379644
18.817100448213687
21.34465994027061
12.768163828268598
14.582501456386602
34.28455830114999
18.972584097634666
29.574260456073937
19.19964562738621
9.466745839787052
12.871705673865236
17.323024797915465
19.663139300505655
14.83957120078847
16.551107274785863
19.12027459285555
16.62701603048093
12.525954870259334
14.910584628165758
32.34182638498171
16.197809730126778
13.308714632541019
19.97497419672458
37.104236892622744
20.543542789492903
13.88259491816158
13.162120032423275
8.834814146691727
28.21333809963771
16.424051233249152
13.651739281426558
11.364039812869223
5.416982697926343
7.738784148076135
7.2403624971590546
7.9338381600129395
7.905187800667562
5.126016320832591
9.929383505211845
10.709262240974454
19.138321133580305
12.539204229521374
6.721907308010074
4.427894985180828
5.18943657013952
6.041859634430352
8.326293727872937
6.574789739625331
4.919681836998237
9.014731597531323
6.60478943741829
7.504853003939317
13.278687803651835
16.458034898001372
14.461204041333616
7.633603842224289
10.29304733724318
3.3259117049057636
2.962283337369641
9.537478749970049
9.349974051855597
13.399487812475385
12.834443050164154
10.221521172818143
10.989879415032547
10.707724490786987
9.864848923274806
9.423546759490392
9.229146136895068
10.85064321388802
6.950429589085729
6.763270006633348
13.46181460229272
7.711627563783253
14.963713772011062
7.516846622724003
5.013229293781137
