5.895680013974281
3.966954167588003
4.363308277845089
7.281960642056273
11.779600516999878
10.498603215701648
9.689073945690243
16.902504165877495
10.215140042843029
14.664166118844458
15.597226116320982
16.538599528010153
13.359631299397645
21.317230970895928
25.218105799054026
20.972115028068526
23.68316861103761
24.23870183352505
18.477959603357448
12.423078487466098
17.314667416240574
22.638007979443323
13.759484984310305
20.189600012754187
19.253243764725205
17.586006310348285
30.009410898317448
20.920531645652286
23.864195573165432
17.634426630299213
13.036366613481007
28.127921532277956
15.84561239758943
14.172806807355268
15.887477598668866
10.770317765016348
13.969518239115654
10.652155234741961
3.1776115158774765
4.56141035690592
5.584786561623883
9.716016060336624
11.812034033141277
16.365841549800926
12.762800028112373
21.156980302143182
16.5204890232019
28.97975170721237
23.825937159815012
23.394723087022037
19.316650321875237
24.96995450178205
30.397537047197684
24.078832763186746
26.888003754327556
19.580577050894036
20.346962345906192
28.91984150077974
23.544891952125752
18.24014178613092
24.473332749411874
16.725582841660405
18.113673006352002
23.35149339140432
17.30851844949732
16.384675887735142
18.32308186100952
9.968720299209998
21.030627251168156
17.60137080802211
14.842483894817796
12.465503066367113
11.459052454295815
15.034107794329216
14.345909320509797
18.287016711968825
9.741135426144218
9.278403522904398
16.527643997008482
12.17575589147016
16.161857445567065
9.397789447490183
6.93982063981683
5.273178162188607
4.237858320189623
6.734198918721162
6.08988658401514
8.197355237135056
6.943590141696504
8.11313242174191
7.114005887347432
6.603367737752961
6.60752116479523
9.352471019129055
6.828752290198253
12.6835690544156
13.16374794993203
9.970554455788601
12.943908752810216
5.499413998272942
7.156967217985141
8.668629223049933
9.150668059096986
5.3397380521048206
7.495893507889761
7.487024775728258
7.430549519464492
8.394367629220397
7.814078294173598
8.977730618705195
10.621728045130865
8.151366881729672
8.699667807879322
8.366444902825123
6.260807700831805
4.619026215606723
4.98836075829449
9.077449053367289
12.243950166576354
13.897792992907313
11.51029427307715
4.877946105169897
4.884201589310408
6.12197932702891
4.464997688228209
4.8827314432791695
3.1602185487694214
4.609964774706
