9.330545610683014
20.27385182412488
30.73571142789596
12.993157490160536
20.827921634884266
36.399385873372275
27.541856270926356
17.345027879567187
16.345120389431205
16.57781417514432
11.71817234218908
6.047339764050279
25.820009343015105
43.15423519256947
88.38424847470836
89.81794921130316
52.724807682102075
28.2975691880513
26.56924850924517
35.5102415247758
44.46964814200626
51.70734149910817
17.179805268031963
34.55524117710487
16.21608961060797
67.06256471947188
122.19027058698167
82.5492466990117
40.65169296097447
41.672770403870885
38.559153641338895
13.57189207009213
34.047205011333745
48.62522310536383
9.045549734913045
16.20460833965311
8.949348558354473
18.122078653275626
20.469236141101916
19.747333022001886
14.759155474706752
9.228972303984573
16.093265382897233
12.479388848369648
15.308052699726694
28.55634984291155
18.183479145739824
19.132463662986538
45.16358635342307
27.80858281160812
41.45648734479903
53.200291908000814
32.93304214246817
54.595873505990724
30.34942445932805
49.29529675896869
65.08635260933073
68.09241589143528
77.17767212378169
60.17390420288179
58.58855200149042
58.33351909626363
60.92288694329152
24.845998476045686
28.482312763142126
14.336314046443647
43.681766924482865
21.389812105274522
16.335807521579177
22.354097299208135
26.358145894543775
22.69901737209443
42.70923504466265
61.60381479434563
57.59721807012337
29.6950220132873
21.091977596650935
43.96261926514453
92.49722319138252
122.79895625575514
111.47045468683709
141.7688183897186
137.92386325212956
130.34805227476505
150.27998813024158
153.78456102454157
154.2425764648832
164.59886025179586
175.39562809649988
166.82432942854075
191.61481057412132
171.81314995371122
147.48714739327247
134.8735172720244
106.75427725739047
60.77453030343017
67.12552050610094
19.37085304344143
24.16643830677816
48.28292574561152
59.76408463213801
11.913925573266965
31.973408194418127
50.53211442804283
51.669529837102345
54.48245253921122
23.06551758195785
23.845206805033726
12.26786646073667
17.431678265369214
42.249642585735856
65.00256287399843
61.82787130012528
113.63851193267394
106.13133976101732
107.9790653734674
105.33462521712126
68.20064360656843
29.744363167789587
52.606070239662486
26.148203675003757
22.714712022344372
14.470409246471462
42.80052674027752
61.93022154780755
93.86901652457122
99.74704945417842
102.23984307878943
