19.5046293931523
27.3618119151615
43.696738786856876
32.25409802855227
47.850404585083986
34.15164297055258
75.76385392025028
29.949887533599576
27.352601790004762
34.78101637360637
23.548754645394357
53.94437815835299
48.57800729465903
37.81836277322677
20.499406010261282
19.162481158700963
33.86679992817326
20.555580268337142
36.09755618471828
21.84564864611169
26.558352072263176
49.34079115653324
29.605529668891936
52.41546188897904
26.09182098724162
21.129968510804115
24.991506071076792
109.96737035557351
41.69251215567452
74.61712096783734
63.722176183575634
33.47646063011979
20.637841552543247
22.008539456763447
31.14315967961636
38.036168126902325
39.98599496533272
20.638315549488365
70.50842080775368
70.72746836444168
80.41453782560555
33.74616341511482
24.980605563258003
34.76578932235135
62.09232685471052
19.401741141609087
18.49586821981024
24.757449893841446
44.55928200818012
68.61652446204809
31.364899408349373
36.21897916955868
20.978614250567993
27.85705207940292
73.83823210899627
39.07475959187607
23.02320910988734
33.39441203021934
68.65723798943898
113.40816581304453
36.77108700531771
27.217760079191038
18.76711103621726
24.748740839772033
16.088239038775917
22.381833845236898
16.544701389955904
44.54009803039975
30.71471927180699
36.411992741727346
17.973414907173108
38.74226464505596
36.577994891998095
22.457167485881705
25.979099678267318
27.997058690257106
28.065774688389432
29.62425505674714
44.06774746850996
26.0946718306675
19.15506445702964
28.237916008301887
113.54164630469676
243.63770689416577
83.98902084383096
25.145205464654218
25.17644446292791
17.65101548217085
23.70226619768463
24.387500193996495
41.85102034167966
26.533351348958902
18.859393744981304
15.673578173775809
25.100435162976012
107.14110702993037
143.85498021049534
40.357770868237964
35.04917562361021
52.38577329302271
26.358759275540223
30.031563527758166
32.77888355620479
30.787124930309417
35.715327690102555
39.19271999502055
35.40998356474354
17.755441493095688
22.715888658765778
41.667001755775445
32.333324642085245
31.952356084235532
31.5870271245539
24.64108798964689
73.56646530853355
44.64064839991512
49.5364508992304
40.12232905707357
35.31809300864046
35.896774306889014
19.514297340780487
37.27813212012222
26.136878953249223
30.181155557873325
39.48272634626156
33.34565978971979
43.35291491729801
23.783189357398825
