6.211891756461064
12.596405162098707
9.845172614450673
10.671177386604018
8.654679504704449
11.757309757873289
7.7464090511566095
15.303826751830567
14.18580166456874
19.185023637234462
21.754179546339586
19.35188011485456
17.66471293754621
15.354860784933344
7.63316161113535
4.8490561468148385
14.535070423826358
23.827664726306118
29.466044183453434
29.248806816311003
17.394600506681897
23.061325139416176
35.63866796481152
27.31940284712903
22.008658265144255
17.57594581361446
16.96187375059577
19.631478160297963
19.072461264046105
17.071572335561065
16.419895702807356
14.03675744328536
13.74805830437668
10.573948620975273
15.427479293226263
19.013671659667718
11.876607272793699
6.878128509763801
9.965041067201238
6.5631875166717215
9.401044725681224
8.282931324149462
16.441708384976558
25.648913872791006
25.781311906353693
15.518358276238224
9.54867010478548
23.64425642399562
22.626617242684162
24.018853320581677
21.23808909334027
26.06442869239759
31.835044510951832
31.93476243624106
30.833460163926183
33.71049169320802
38.349643302737796
35.44549478642622
30.93022159138841
37.398572181690014
38.78158585036036
46.659002032695824
55.810640591561345
49.897100957380204
37.0345568826932
13.997952581591662
5.612959997379399
5.851339993291553
4.778956028397268
17.289648622742618
20.526086018652094
24.17025358438078
31.553851183278383
27.803321118664265
25.578741940643297
18.157480581577424
11.16823611870759
11.842873696877156
4.375638804025975
4.081877730050834
13.674602254023206
17.292309834216006
22.660478382821942
33.633629329607714
37.482876730298585
29.531038627289682
24.927040363607468
27.85881747804644
30.792302000764572
24.57672255286387
17.679204034661403
22.018679585000797
13.607675413295098
6.285412588234919
12.269350258179628
8.382592537624362
20.135028354327417
24.265513486307043
31.661575281374283
29.502265266912246
31.43116230760978
27.644101005578165
18.036922681609525
22.789505296596815
30.691827141593322
24.14041014031953
12.958547685058832
12.136067116398664
30.562322876792862
33.49982326059495
44.479558270487374
51.01891968299306
51.318497021401285
59.4383677052372
59.248343753210804
51.63473664327398
39.252831863849835
38.49195137296634
24.489331587771417
26.18880666418754
33.433750441300916
41.24395148742636
54.87180283833116
48.61444372188183
27.72457620110133
16.12014751090034
10.052826509592165
11.186137834160718
