20.686200260558273
24.695416492706865
17.743966332988617
18.353335919171823
30.72777234008306
59.41839985008436
13.797927509531073
40.259094670247976
27.961388347990514
56.30353953068902
28.366541148379635
22.840150071303583
22.96171383612222
72.3634464181684
33.93291374355459
24.298298852205562
37.593347619001506
36.59361404608093
41.11355173286415
30.385216328695616
22.824896555346957
26.118908207434686
18.582230767490913
23.02142467965437
18.457242933915968
17.373903106992927
20.859342703857067
25.34887329235338
29.90846675823532
27.21229955659409
79.21796087972817
20.723853929028323
44.96474775143875
29.328838961531563
33.41171319275143
32.15703938238924
25.019862205637786
32.38987231876924
30.971280488150835
52.3682030226436
25.59490836634934
27.164348914352786
18.13429747260616
13.275622041487214
63.54394694122247
22.93089201873787
29.589696326321643
15.501838614795354
16.22050635092034
21.262421742415533
21.800267266376835
16.00554790261004
35.145326782281444
21.32680302767448
34.78667379406694
31.018390904656393
57.383963178178604
22.97453950311032
107.77920419983671
125.62896769683272
50.23426134589375
102.86407152596013
19.577553927913364
42.74642192423087
28.330679011896436
35.853400539524756
34.303200987838764
21.28422553807173
25.719458443873087
23.633713123495497
20.21243927276712
28.11667781871325
24.685097543947066
20.857988759029617
31.612010253798857
16.77148421469608
23.715404165432496
41.08636516563436
41.670212956940745
42.33751566547164
35.55669665061732
35.219003411507536
45.17012879215553
28.709808666997674
22.61393060710656
29.16800349605402
14.827415528464542
19.451649003970587
24.97752082978755
49.31198041324386
27.285744825892635
34.95557236906647
23.39133290491604
33.74072414794989
64.51072718348331
114.54680155792288
33.56975265700984
27.276836295814107
21.698983241327753
27.489384627700773
22.539149706684768
36.31701346478512
23.134691457645502
22.933303203123856
26.294327664517056
29.203191495050447
24.539319347314134
13.129258662720659
21.312294587684264
37.05913907499959
28.529785553939135
15.67033219482957
53.09856765155716
22.831038599291986
33.3660396219982
17.11659689948266
25.019786812900463
32.61944015374279
15.212751780638229
17.055712578380465
34.596993523516176
25.055690626663633
17.394956727475673
27.43525376945395
22.877592592182395
18.280659146314434
15.138160407656699
17.78313177704007
