9.128584531755486
6.3106977306007925
7.852962709416562
5.6107927404302185
6.8428139278770335
6.8183992618755225
13.464024939601128
32.93062776751287
51.343224188461484
52.60528836396202
58.66038130754774
48.9915000078029
25.295188753678403
32.169702042035965
36.06011095687732
38.06859784867634
16.3347618743472
7.070250970980966
7.834253211344874
4.854361538656569
5.482596550364807
5.2948592763098326
5.871454076600767
9.421552524190716
29.281036205837843
29.96834638573737
18.54103400003327
10.411733028222955
9.501415556608706
18.261009594108366
30.459363051228358
12.019536134348556
19.63143779241003
39.314520136439334
39.01288656395722
16.358802307396886
24.32238437820345
33.356242178023685
22.477693426499474
8.775091835237994
13.398799444764798
15.922775048330877
22.24975059359393
19.414780450097684
10.2595649347736
12.971987652640664
39.367644312512084
49.37460596590424
34.87513600462198
36.72973829419656
12.098414780791344
22.99590967479535
21.08689119189051
9.269315775086142
10.833883712940825
6.546907302145257
5.339512647274795
20.532976200771863
39.60421045865108
19.023784945840895
14.87575733545519
21.07897048094101
48.77215704395766
36.96000644333917
12.776330522187898
30.64878934948544
30.70042360851152
21.7085244585193
42.64911679652775
56.93983999908342
66.60014189345662
65.60435925526956
67.12227547289113
53.81951130147587
42.66976867737586
39.73212755420384
35.86086340313109
26.469460781233323
12.917015948687343
4.641583330037314
10.578012149640777
17.142792731178943
7.328234116618745
13.644026017333516
44.64576610598924
59.13921936437508
51.30991774975045
43.44418842336983
44.18548557394573
54.798829937427485
42.26284982607511
47.92043945533722
58.41595721284331
85.94101315964154
98.16340044613476
92.82221317550037
84.23623228124642
71.43724073009004
71.02820184322903
57.86385222198216
51.76946035061982
42.940612763351396
61.58101231001716
46.64446016994377
11.75796120410567
21.758536177021597
27.562841767890035
54.205632615466484
62.785454069317424
70.07335169576609
69.278789404359
49.25702175333129
24.18961075184808
39.770252553282916
67.83783223297931
82.90207860292037
69.4369244618372
54.57890913175419
48.459727918668094
49.495487439364325
63.42361219268369
44.357662910326425
33.048766386993066
39.1799488707848
44.53553655602069
57.331554136692404
65.09802380578823
62.10917200652183
