0.5744434499245257
0.9590421039208452
0.8690058020344442
0.9836712224276652
2.771043510155815
0.5728266522982173
3.7354063479097936
2.6988345052731892
0.5833374848175779
2.1675397645297796
1.1715418875460506
2.394193628847083
1.0917578592560777
0.5562975631472287
0.8813825368621184
1.514534780299534
3.794150707029618
0.6338253625870297
1.3601724328740508
1.201684408846527
0.9465362752335491
1.0546525687859172
1.3313271316157376
0.9045074876222817
0.8077792874475385
2.1617599602535287
1.0598711295362786
0.559782964836376
2.8274696382955895
2.4443259061475002
0.7496345485360748
1.4741837512174314
0.4119249061064176
0.9061418979406017
1.0580369823126734
1.644589981014235
1.4453610381879987
1.2140143403857477
2.538148370523876
1.4205689780452098
1.5644959902071514
1.1281801134932365
0.9865280162307326
0.6717339213523772
1.2761050756573953
0.763696876553607
1.8279729670889242
1.2471118423705103
1.8668872786469344
0.7568071463062181
1.2083619676462158
0.8713445064034895
0.9471366158258452
1.0050549280131118
1.0055940984703229
1.4951802915425865
1.798130629253352
2.5814158856936897
0.8332555363846588
3.9445594782736806
0.6010302410707681
5.928979764045455
1.1368490439577879
0.6249710469591876
4.3287883488765795
2.4756305023770957
1.8040008658008442
1.1966608381648571
1.3023055189310848
0.7213568934134235
1.1810187871263262
3.447473190277733
1.9420801845185347
1.3772461499124917
1.0820624513126957
1.067774266090571
1.0889154915459704
1.1267180096122278
1.035404141543491
2.1059406449979705
3.8534349607428964
1.7089808665200907
1.0029047622548175
1.7600446515737331
1.1220753638401948
1.579118574278086
1.5065301076833482
0.6187739026780137
0.7823582089110389
0.872395416957229
2.9742828756072823
1.3405623715593007
0.8062625134699726
1.6739742244699
2.2756133505457288
0.9400874243237476
0.7986293570388626
1.3054048602956216
0.914754326860682
0.9962938009018004
1.0631169577131427
0.7415779247631764
0.9726544875908283
1.5230695122604956
1.3504350716821563
1.2711537612535735
1.424635181205015
2.285184696157712
1.8328851707671612
1.948461496623997
0.3606404729404416
1.4469265317167292
1.301530100598938
1.2112718638898916
3.468364790566772
0.9468173845670362
1.6872663546577134
1.2736206370134195
1.068531782783469
1.5396315297654473
2.1562368615538485
0.5336141436796707
0.6113426994922198
1.8061179737310058
1.282718058441098
3.872336858974131
2.533751966384208
1.0484510106683627
