0.5744434499245257
1.4385631558812677
0.6517543515258332
1.2295890280345816
2.216834808124652
1.5275377394619127
0.9338515869774484
1.3494172526365946
0.7291718560219723
1.0837698822648898
1.7573128313190758
2.394193628847083
0.5458789296280389
1.2516695170812646
0.2203456342155296
2.2718021704493006
0.7588301414059235
0.9507380438805446
0.9067816219160338
0.9012633066348953
1.5144580403736785
0.35155085626197236
0.9984953487118032
0.9045074876222817
1.346298812412564
1.2970559761521172
1.4131615060483715
1.2595116708818461
1.130987855318236
1.6295506040983334
0.5622259114020561
1.1056378134130735
0.5766948685489847
0.9061418979406017
2.116073964625347
0.986753988608541
2.168041557281998
1.2140143403857477
0.0
0.8523413868271259
1.5644959902071514
0.7521200756621577
0.9865280162307326
1.0076008820285658
1.595131344571744
0.9546210956920088
0.7311891868355697
2.078519737284184
1.4001654589852008
0.5676053597296635
2.1750515417631884
1.4522408440058159
0.7577092926606761
0.7537911960098339
1.6089505575525167
1.993573722056782
0.35962612585067044
2.5814158856936897
0.2777518454615529
0.0
1.352318042409228
1.1857959528090911
1.1368490439577879
1.4061848556581722
2.1643941744382897
1.2378152511885478
2.2550010822510553
1.1966608381648571
0.6511527594655424
0.5410176700600676
2.657292271034234
0.0
1.456560138388901
2.7544922998249834
1.6230936769690434
1.2813291193086853
1.361144364432463
0.0
1.8637274547782836
1.0529703224989853
0.9633587401857241
0.0
1.6715079370913626
0.7040178606294932
2.2441507276803896
1.579118574278086
0.502176702561116
0.6187739026780137
1.1735373133665585
1.3085931254358434
1.189713150242913
2.010843557338951
1.3437708557832877
0.418493556117475
0.5689033376364322
1.4101311364856213
0.7986293570388626
1.3054048602956216
0.30491810895356064
0.9962938009018004
1.2757403492557713
0.7415779247631764
1.4589817313862425
2.0307593496806606
0.9002900477881042
0.9533653209401801
1.424635181205015
1.5234564641051414
1.8328851707671612
0.6494871655413323
1.1720815370564353
0.5787706126866917
1.301530100598938
1.2112718638898916
1.3873459162267088
3.1560579485567875
0.8436331773288567
0.6368103185067098
1.068531782783469
0.9237789178592684
0.5390592153884621
0.8004212155195061
1.8340280984766593
1.3545884802982544
1.0261744467528784
0.9680842147435328
1.266875983192104
1.0484510106683627
