2.1541629372169715
4.315689467643804
3.6932746586463883
2.7050958616760794
4.987878318280467
2.6731910440583473
5.603109521864691
5.3976690105463785
2.479184310474706
5.960734352456894
4.100396606411177
5.985484072117707
2.729394648140194
1.9470414710153003
3.305184513232944
3.7863369507488347
7.588301414059236
2.0599324284078464
5.440689731496203
3.3046321243279495
2.839608825700647
3.867059418881696
3.993981394847213
2.713522462866845
2.9618573873076413
5.188223904608469
3.1796133886088356
2.379077600554598
9.047902842545888
4.8886518122950005
2.436312282742243
3.3169134402392206
1.565314643204387
4.832756789016543
2.116073964625347
4.933769943042705
3.9747428550169963
3.0350358509643693
10.152593482095504
3.4093655473085036
4.693487970621454
4.136660416141867
3.452848056807564
2.35106872473332
4.466367764800884
2.291090629660821
4.387135121013418
4.988447369482041
4.667218196617336
2.838026798648318
2.1750515417631884
3.485378025613958
2.6519825243123663
4.020219712052447
2.8156634757169043
5.980721166170346
4.315513510208045
6.453539714234224
4.999533218307953
7.889118956547361
3.7564390066923004
5.928979764045455
2.652647769234838
2.968612473056141
6.493182523314869
8.664706758319834
4.0590019480518995
5.0858085622006435
2.6046110378621696
2.1640706802402705
3.5430563613789787
6.894946380555466
4.855200461296337
3.4431153747812293
3.516702966766261
2.3491033853992564
3.538975347524404
3.0984745264336264
4.141616566173964
4.562871397495603
5.780152441114345
10.253885199120544
4.01161904901927
4.9281250244064525
3.7402512128006493
2.8424134337005547
3.5152369179278122
2.629789086381558
2.347074626733117
4.798174793264759
4.758852600971652
3.686546521788077
3.493804225036548
4.1849355611747505
5.12013003872789
3.5253278412140534
1.9167104568932705
3.5898633658129593
5.183607852210531
2.988881402705401
2.9767274815967997
2.9663116990527056
2.593745300242209
3.5538288619411564
4.501450238940521
2.542307522507147
3.7040514711330395
9.902467016683419
4.398924409841187
6.4948716554133235
1.983522601172429
3.762008982463496
4.338433668663126
4.542269489587094
6.243056623020189
3.471663743412466
2.9527161206509986
3.184051592533549
4.630304392061699
4.6188945892963424
4.312473723107697
2.934877790238189
1.986863773349714
6.32141290805852
4.3612413986997325
7.744673717948262
5.700941924364468
3.4074657846721785
