0.5744434499245257
0.9590421039208452
0.8690058020344442
0.9836712224276652
2.216834808124652
0.7637688697309564
3.7354063479097936
2.6988345052731892
0.5833374848175779
2.1675397645297796
1.1715418875460506
2.394193628847083
1.0917578592560777
0.5562975631472287
0.8813825368621184
1.514534780299534
3.035320565623694
0.6338253625870297
1.8135632438320677
1.201684408846527
0.7572290201868392
1.4062034250478894
1.3313271316157376
0.7236059900978253
1.0770390499300513
1.729407968202823
1.4131615060483715
0.559782964836376
2.261975710636472
3.259101208196667
0.7496345485360748
1.4741837512174314
0.32953992488513406
1.2081891972541356
1.0580369823126734
1.315671984811388
1.4453610381879987
1.2140143403857477
3.3841978273651683
1.136455182436168
1.5644959902071514
1.5042401513243153
0.9865280162307326
0.6717339213523772
1.2761050756573953
0.763696876553607
1.4623783736711393
1.662815789827347
1.8668872786469344
0.7568071463062181
0.9666895741169725
1.1617926752046526
0.7577092926606761
1.0050549280131118
0.8044752787762584
1.993573722056782
1.4385045034026818
2.5814158856936897
1.1110073818462116
5.259412637698241
0.6010302410707681
4.7431838112363645
1.5157987252770504
0.6249710469591876
2.8858588992510525
4.951261004754191
1.8040008658008442
1.1966608381648571
1.3023055189310848
0.7213568934134235
1.1810187871263262
3.447473190277733
1.9420801845185347
1.3772461499124917
1.0820624513126957
0.8542194128724568
1.0889154915459704
1.1267180096122278
0.8283233132347927
1.403960429998647
3.8534349607428964
6.835923466080363
1.3372063496730902
1.4080357212589865
1.4961004851202597
1.2632948594224687
2.008706810244464
0.6187739026780137
0.521572139274026
1.744790833914458
2.379426300485826
1.3405623715593007
1.0750166846266302
1.6739742244699
2.2756133505457288
0.9400874243237476
0.6389034856310901
1.3054048602956216
1.2196724358142426
0.9962938009018004
0.8504935661705142
0.9887705663509019
0.6484363250605523
2.0307593496806606
1.8005800955762084
1.2711537612535735
1.139708144964012
3.0469129282102827
1.466308136613729
2.5979486621653294
0.3606404729404416
1.1575412253733834
1.7353734674652506
1.2112718638898916
2.7746918324534176
1.262423179422715
1.6872663546577134
0.8490804246756131
1.4247090437112921
1.2317052238123578
2.1562368615538485
1.0672282873593415
0.6113426994922198
1.8061179737310058
1.0261744467528784
3.872336858974131
2.533751966384208
1.0484510106683627
