0.33435378462564685
0.6932771934841282
0.6987562990822896
0.8569751080295347
0.6033715510486722
0.5175516611667016
1.0
1.0
0.6513695244178732
0.5901145501379262
0.6063298741737532
0.9422384529762955
0.4388230127477314
0.7069895716181439
1.0
1.0
0.8722674431615192
0.6420842753247713
0.9658430802777819
0.4417230922554056
0.736969082062422
0.578110189917575
0.6111232184707835
0.5761616664896265
0.8289402789068573
1.0
0.3101759205068028
0.9039048379928637
0.7882249612943842
0.7196556062534806
0.7867926609344749
0.6206140638062582
0.4713509565466859
0.8634542840858416
1.0
1.0
1.0
1.0
1.0
0.7997177616434565
0.857516322478121
0.6376475979202436
0.4856226800474249
0.8109132826554195
0.9886120111625075
1.0
0.8746016272431308
1.0
1.0
0.5689807069945267
0.9183769576813016
1.0
1.0
1.0
1.0
1.0
1.0
1.0
1.0
0.8266196896864157
0.728647832696471
0.9302980910004522
0.5933731219876354
0.9289008667212992
1.0
1.0
1.0
0.9824382300312171
0.5638735038128283
0.46857228380699734
0.7466263011592925
1.0
0.5400146267506332
0.9904009957131422
1.0
1.0
1.0
1.0
1.0
1.0
1.0
1.0
1.0
0.9299902486276335
1.0
1.0
1.0
0.5969844177530172
1.0
1.0
1.0
1.0
1.0
1.0
0.41086490418143606
0.7794137925850984
1.0
0.7620731207516422
0.9943812560794504
0.5531368467737671
0.7055647055503752
0.6684247409439018
0.5530571298862632
1.0
1.0
1.0
1.0
0.8570563689127926
0.5617042397743385
0.7568870884264934
0.8892133433368097
1.0
1.0
1.0
1.0
1.0
1.0
1.0
1.0
1.0
0.7880885911816562
0.6052527123166366
0.7567538559308691
1.0
0.6273560751559257
1.0
1.0
1.0
