0.4257120039166599
1.0
1.0
1.0
1.0
1.0
1.0
0.5842482144610263
0.9813933152867697
1.0
1.0
1.0
1.0
0.9803390916518572
0.6727170783210018
1.0
1.0
1.0
1.0
1.0
0.8221952794968366
1.0
1.0
1.0
1.0
1.0
1.0
1.0
1.0
1.0
1.0
1.0
1.0
1.0
1.0
1.0
1.0
1.0
1.0
1.0
1.0
1.0
1.0
1.0
1.0
1.0
1.0
1.0
1.0
1.0
1.0
1.0
1.0
1.0
1.0
1.0
1.0
1.0
1.0
1.0
1.0
1.0
1.0
1.0
1.0
1.0
1.0
1.0
1.0
1.0
1.0
1.0
1.0
1.0
1.0
1.0
1.0
1.0
1.0
1.0
1.0
1.0
1.0
1.0
1.0
1.0
1.0
1.0
1.0
1.0
1.0
0.7868483877198147
1.0
1.0
1.0
1.0
0.8146896159883237
1.0
0.7516394796020186
1.0
1.0
1.0
1.0
1.0
1.0
1.0
0.8940242286104038
1.0
1.0
1.0
1.0
1.0
1.0
1.0
1.0
0.9639582020241326
0.3801460680470634
0.36986718031831356
1.0
1.0
1.0
1.0
1.0
0.6955639535929538
0.8647846971022516
1.0
1.0
1.0
