0.44211549172047687
0.4323031442203659
0.49316162224545124
0.3654672779943095
0.848713186157339
0.41025038094198846
1.0
0.5194116870886751
0.07770124912965522
0.5796135809444039
0.30830497989552136
0.3400276934429243
0.47341341340244986
0.06923463377905037
0.4996269446877158
0.3855314315986074
0.9802335297682154
0.32297646464712676
0.22691969624182012
0.2745397047780054
0.5955801352382379
0.9868409812806108
0.16033285465844593
0.3756827952736282
0.4441986476190233
0.436986326128925
0.13334656123842845
0.47084131584185956
1.0
1.0
0.30270346398728604
0.6841012658846208
0.13151221608494773
0.21107125000426233
0.51688453407191
0.33508420011086354
0.6845596022600746
1.0
1.0
0.12930788431381962
0.3809417373358401
0.24942090457863467
0.4034645503178302
0.6207434915927572
0.532617586402904
0.4257571175631018
0.8388243873978624
0.32880535970922603
0.310983875579345
0.16563387382202333
0.42216989940305366
0.5617138824104362
0.39461862905695005
0.42020745812265753
0.2594698238714391
0.7012571629517235
0.696489096247459
0.9355786225393282
0.43951494444862277
0.9518573296615441
0.5585752871096498
1.0
0.20330117459756036
0.27941450336503876
0.9166486355127996
0.542147180840351
0.5795968430308022
0.4299209687073156
0.6655429494039216
0.27542858733124415
0.5739748823109405
0.5547972267870088
0.4809457732756329
0.5543353011988705
0.814105944794056
0.19121372073984327
0.31503214976314936
0.6262937618410235
0.36601719786373815
1.0
0.9539372156197365
0.6387613213915261
0.43315213773879574
0.6011959009308926
0.2744081125991646
0.9359746622509201
0.3563351318619959
0.275495479350021
0.3180529625717137
0.49796807974343904
0.7303045029273939
0.3752287701484571
0.3240716014649679
0.11280347187388523
0.9614713109720129
0.19831670568776713
0.36290840228078447
0.5503539413903402
0.14274146163909324
0.2636787468531015
0.36759038633628777
0.23211160646717036
0.28522115301887563
0.7300195224276024
0.6489219178463866
0.5174917330680117
0.4950905572843688
0.6575615351300452
0.6007829042371042
0.677539440464334
0.13147655551735127
1.0
0.6760550688969583
1.0
0.9921969599257429
0.5241114314954006
0.5909523719163378
0.7674547921117241
0.7415844447226534
0.8298217678594865
0.9816537769851534
0.3022388313686696
0.3671980275406621
0.5869522073781088
1.0
1.0
0.6409960260140495
0.4122260988683792
