0.0
7.6796875
8.8515625
8.6953125
7.9453125
8.421875
9.5546875
8.234375
9.0
9.796875
9.140625
9.1328125
10.3046875
8.5625
9.21875
8.109375
8.9375
8.875
8.7265625
8.703125
9.109375
9.3359375
10.6640625
10.0
9.8984375
8.5390625
9.8203125
8.90625
9.3671875
9.1015625
8.8828125
8.1796875
9.453125
10.546875
7.8046875
8.578125
8.53125
7.0859375
8.484375
7.2734375
8.140625
7.5078125
11.2578125
8.015625
7.453125
9.984375
9.8203125
10.59375
8.6328125
7.5234375
10.5078125
9.4375
9.2734375
8.6640625
8.96875
9.1875
8.8203125
10.171875
8.828125
9.65625
10.453125
