0.0
6.3515625
7.359375
7.890625
9.5703125
9.8125
7.796875
10.109375
9.53125
9.0859375
9.4453125
11.6171875
11.234375
9.359375
11.2578125
11.078125
9.71875
10.0078125
9.9375
10.046875
9.9921875
10.109375
9.8984375
10.03125
9.875
10.2578125
9.234375
10.4609375
10.0
9.0859375
8.5390625
8.2734375
9.21875
10.890625
9.9921875
10.1953125
9.28125
8.9140625
8.875
9.421875
9.1328125
9.46875
9.9765625
9.5390625
11.109375
10.5078125
10.4765625
10.875
9.890625
10.234375
9.3359375
9.265625
11.140625
10.671875
10.6015625
10.203125
10.3359375
10.7421875
9.3359375
9.1328125
10.7890625
