0.0
9.6796875
14.171875
17.3046875
20.0390625
24.4921875
25.4140625
25.1171875
26.90625
28.0859375
28.8828125
31.1171875
32.65625
32.9921875
33.25
36.7421875
37.359375
37.734375
37.8984375
37.9765625
37.4921875
37.2265625
37.953125
35.90625
35.5859375
35.5078125
36.3671875
36.921875
36.4609375
36.09375
36.0859375
37.4609375
36.4609375
38.1484375
39.4375
39.96875
41.53125
40.796875
41.6953125
44.0
46.828125
46.796875
46.0703125
44.8203125
46.171875
47.1015625
49.4296875
50.0625
50.0390625
50.546875
50.4609375
50.7578125
49.09375
47.8359375
48.234375
48.0859375
48.3671875
48.4765625
47.40625
49.7734375
49.25
