0.0
4.34375
5.390625
5.65625
3.984375
6.046875
4.875
4.9609375
5.46875
5.59375
5.7109375
5.2890625
5.0859375
4.0859375
4.7421875
5.7421875
4.9609375
5.4609375
4.4609375
5.75
5.6328125
5.3046875
5.953125
5.3125
5.203125
5.1484375
6.1171875
4.953125
5.875
5.1171875
5.703125
5.4921875
4.8671875
5.4453125
4.9375
4.5078125
5.0
5.1875
4.296875
4.4140625
4.6328125
4.84375
5.53125
4.375
4.359375
4.4921875
5.2734375
5.5859375
5.7109375
5.5234375
5.3828125
5.921875
5.1171875
5.1953125
5.6796875
5.609375
4.6484375
6.09375
5.6875
5.5859375
5.9140625
