0.0
7.8515625
11.484375
13.1171875
14.65625
15.2890625
16.140625
17.0
17.46875
20.7265625
19.7109375
19.9765625
19.40625
19.1640625
20.203125
21.375
20.703125
20.6171875
21.3359375
22.2578125
23.1328125
23.484375
22.53125
21.734375
23.359375
23.8515625
24.6171875
25.0625
26.4296875
25.875
27.265625
28.109375
27.9609375
30.140625
29.3359375
29.328125
29.7890625
31.2421875
30.6796875
30.2734375
28.78125
29.0703125
27.8359375
25.5390625
25.9765625
25.75
26.2890625
25.234375
23.8125
24.046875
24.2109375
23.3515625
24.7421875
24.7421875
25.1328125
24.7890625
23.453125
24.1328125
23.6171875
22.484375
23.4375
