0.0
13.8125
23.15625
33.2734375
43.28125
52.328125
63.1640625
69.171875
80.4609375
90.1640625
99.4375
108.59375
118.4140625
128.3046875
134.1484375
143.8125
154.96875
163.7890625
171.9921875
180.0859375
190.59375
199.0234375
208.6953125
216.6953125
224.859375
233.0546875
243.296875
252.578125
261.8515625
271.6484375
281.421875
291.9140625
300.21875
307.390625
317.25
326.5390625
337.8046875
347.0390625
356.703125
366.171875
378.3359375
385.8203125
393.875
401.0
409.625
420.9765625
431.7421875
441.046875
450.9140625
460.078125
470.9453125
480.6484375
488.8359375
498.0
507.9765625
514.8125
524.2109375
532.7265625
541.1171875
552.9765625
560.8515625
