0.0
1.234375
1.28125
1.3046875
1.234375
1.3984375
1.2890625
1.3203125
1.3046875
1.453125
0.9375
1.0859375
1.4375
1.2265625
1.3671875
1.1484375
1.578125
1.390625
1.3125
1.0625
1.2578125
1.3046875
1.2109375
1.078125
1.0234375
1.0859375
1.3203125
1.3046875
1.234375
1.125
1.296875
1.3203125
1.453125
1.0
1.34375
1.0859375
0.8984375
1.5546875
1.4375
1.4375
1.3828125
1.3828125
2.0
1.375
1.078125
1.171875
1.109375
1.1015625
1.0
1.3828125
0.921875
1.21875
1.328125
1.34375
1.25
1.0
1.3515625
1.421875
1.3515625
1.4921875
1.2890625
1.046875
1.3203125
1.2421875
1.3203125
1.3359375
1.2265625
1.3046875
1.109375
1.140625
1.21875
1.1875
1.4453125
1.125
1.4140625
1.546875
1.40625
1.078125
1.2578125
1.2890625
1.5
1.0546875
1.203125
1.421875
1.484375
1.3203125
1.3125
0.9375
1.2421875
1.0546875
1.3515625
1.140625
1.6640625
1.7265625
1.2421875
1.2578125
1.1796875
1.2109375
1.046875
1.34375
1.390625
1.203125
1.0703125
1.265625
1.1484375
1.2421875
1.2734375
1.078125
1.2421875
1.234375
1.171875
1.390625
1.2890625
1.1171875
1.1875
1.1171875
1.2734375
1.5
1.5234375
1.2109375
1.34375
1.3359375
1.125
1.21875
1.15625
1.21875
0.9296875
1.2421875
1.1953125
1.2734375
1.2890625
1.375
1.203125
1.0
1.0625
1.046875
1.2890625
1.21875
0.9609375
1.1796875
1.1953125
1.0703125
1.0703125
0.9375
1.3203125
