0.0
13.0625
18.1953125
19.3203125
23.21875
23.90625
20.546875
20.75
23.1875
22.546875
21.0234375
25.1875
27.1953125
23.4296875
19.875
20.4375
21.6953125
22.625
20.484375
22.0859375
23.828125
21.21875
23.3515625
24.71875
22.65625
23.0546875
26.0
23.1328125
24.90625
25.546875
26.203125
25.5390625
25.7109375
23.8515625
23.859375
21.40625
20.125
20.1015625
22.8359375
22.1328125
22.515625
23.515625
25.359375
19.9453125
22.3828125
22.8828125
20.1953125
19.671875
20.5390625
24.5859375
24.078125
17.3984375
20.4375
19.234375
19.859375
22.1328125
22.1875
22.1796875
23.6328125
25.015625
25.25
