0.0
1.15625
1.375
0.9609375
1.2578125
1.125
1.3203125
1.3515625
1.390625
1.25
1.375
1.375
1.21875
1.453125
1.203125
1.1796875
1.0546875
1.328125
0.9296875
1.3125
1.171875
1.1171875
1.1875
1.234375
1.296875
1.25
1.1875
1.3046875
1.140625
1.28125
1.109375
1.2734375
1.4921875
1.2578125
1.3984375
0.9609375
1.0625
1.0546875
1.2265625
1.328125
1.203125
1.296875
1.421875
1.3984375
0.9609375
1.265625
1.203125
1.4453125
1.3671875
1.234375
1.1875
1.53125
1.359375
1.578125
1.390625
1.3828125
1.2890625
1.4375
1.40625
1.0625
1.2578125
