0.0
0.921875
0.96875
0.9921875
1.0625
1.0234375
0.984375
1.0078125
0.921875
1.21875
0.9453125
0.8984375
0.90625
0.796875
1.0078125
0.7890625
1.1640625
0.828125
1.0859375
0.640625
0.9140625
0.953125
1.0859375
0.765625
1.0703125
0.7109375
1.1328125
1.0
0.796875
0.9453125
0.921875
0.8359375
0.9765625
0.875
1.0078125
0.96875
0.765625
0.84375
1.0
0.953125
1.0859375
1.265625
0.8515625
1.21875
0.9609375
0.921875
1.0546875
1.015625
1.03125
1.21875
0.8359375
1.1015625
1.140625
1.09375
0.8203125
1.1171875
1.2265625
0.921875
1.046875
0.8671875
1.1640625
