0.0
1.0078125
0.84375
0.8984375
0.9296875
1.046875
0.96875
0.7578125
0.84375
1.078125
0.9140625
0.7578125
1.0625
0.953125
0.96875
0.90625
1.0546875
1.0703125
0.984375
1.109375
0.890625
0.6875
0.9609375
0.9453125
1.2109375
0.890625
0.8671875
0.828125
0.9453125
0.84375
0.953125
1.0
0.78125
1.0234375
0.921875
1.109375
0.7109375
0.75
0.9140625
0.8828125
0.7578125
0.8046875
0.890625
0.8984375
0.875
1.0390625
1.015625
0.8359375
0.9765625
1.015625
1.078125
0.78125
0.8828125
0.8515625
0.859375
1.0078125
0.96875
1.0078125
0.9609375
0.8046875
1.1015625
