0.0
4.703125
4.90625
4.9453125
4.453125
5.171875
4.8671875
5.5703125
4.8203125
5.0625
5.1328125
4.8671875
4.625
5.078125
4.75
6.375
4.9921875
5.5078125
4.65625
4.2265625
4.9453125
5.09375
4.96875
5.4453125
4.828125
4.6796875
4.796875
5.4921875
5.7734375
5.640625
4.6171875
5.6171875
4.265625
5.125
4.984375
5.328125
5.3828125
4.7109375
4.6328125
5.265625
5.0
6.765625
4.1875
6.40625
4.8828125
5.34375
3.9921875
6.0546875
5.4765625
4.703125
5.75
5.3203125
5.828125
5.1796875
5.546875
4.5859375
5.640625
5.203125
5.5703125
5.4921875
5.4609375
