0.0
21.7109375
31.875
34.96875
36.90625
35.8515625
38.640625
39.5390625
42.109375
41.4765625
39.65625
43.75
41.84375
42.5078125
43.265625
49.6796875
46.265625
46.40625
49.171875
51.1484375
48.1484375
48.7421875
50.1484375
47.6640625
49.5078125
51.8984375
51.1015625
47.5859375
46.109375
46.4375
45.34375
46.625
48.9453125
50.28125
51.1015625
51.4375
52.40625
52.5078125
55.9296875
53.7265625
52.3203125
56.53125
56.703125
55.7109375
55.8671875
55.53125
53.625
55.6796875
56.046875
55.3828125
55.8359375
61.484375
63.5703125
63.28125
62.109375
60.96875
56.2109375
56.8984375
58.734375
54.2734375
58.2890625
58.234375
57.65625
55.359375
58.8984375
57.140625
59.0703125
60.546875
58.296875
58.84375
53.2265625
58.703125
53.90625
55.34375
56.734375
62.0390625
61.125
62.140625
54.3046875
55.5078125
53.7578125
51.3671875
52.75
50.5390625
52.890625
53.265625
54.1328125
56.4296875
55.984375
57.53125
57.75
55.3046875
54.7890625
53.9453125
53.5625
55.1796875
54.3203125
50.7890625
45.71875
46.3125
46.6796875
46.28125
49.4296875
49.015625
50.8828125
52.375
49.9375
46.28125
43.3203125
44.1875
43.1875
44.34375
45.8046875
42.21875
44.2109375
45.5859375
47.0390625
44.46875
42.984375
43.6875
45.546875
