0.0
25.078125
31.9921875
33.171875
34.8515625
37.6875
34.3671875
34.1328125
35.9375
36.78125
35.515625
39.1015625
42.4453125
37.6640625
34.546875
35.3828125
35.3359375
36.6875
32.546875
35.625
38.6171875
35.34375
39.3359375
39.8125
37.4765625
35.9375
40.0546875
37.8671875
39.765625
40.28125
39.4765625
39.84375
38.3125
39.1328125
37.65625
35.875
34.0078125
33.1015625
35.71875
35.8046875
35.6328125
38.1484375
39.6640625
34.421875
33.8671875
36.6875
33.5546875
35.921875
34.90625
36.8359375
40.2890625
33.171875
34.9453125
31.46875
35.3828125
36.1640625
36.3984375
38.28125
37.2734375
39.2109375
40.1328125
