0.0
21.0859375
31.484375
42.15625
53.9140625
63.1640625
71.9453125
80.2890625
90.9140625
100.46875
109.828125
121.109375
130.5546875
138.4609375
146.4140625
155.6796875
165.8515625
174.625
183.015625
190.7734375
201.5
210.0859375
219.6796875
227.4921875
235.8046875
244.0234375
253.6640625
264.0390625
272.6484375
281.6796875
290.8828125
301.0234375
310.4140625
319.15625
328.25
337.703125
347.8515625
356.796875
366.578125
376.546875
388.5546875
396.5546875
404.703125
411.7578125
421.6953125
432.40625
443.2734375
452.9375
461.8359375
471.53125
481.1171875
491.015625
501.1171875
509.765625
519.3984375
526.1328125
535.7734375
544.390625
551.5
562.9765625
572.8046875
