0.0
18.4140625
24.4296875
25.875
28.1328125
31.0
26.390625
26.46875
29.5
29.21875
27.6484375
31.234375
33.34375
28.46875
25.5859375
27.0859375
27.7109375
29.15625
25.9296875
28.9453125
30.3515625
27.2109375
30.265625
30.9765625
29.0703125
29.09375
32.984375
28.9140625
31.7265625
31.5078125
32.859375
32.03125
31.359375
30.3203125
29.71875
27.0234375
25.8359375
26.0390625
28.046875
27.4296875
27.90625
29.1640625
31.78125
25.21875
27.6171875
28.4140625
26.484375
26.09375
27.2265625
31.125
30.5390625
24.1015625
26.4375
25.28125
26.3984375
28.75
27.8046875
29.28125
30.28125
31.40625
32.265625
