0.0
3.4249889256583086
4.5627451191978725
5.058132812243951
5.462960227713983
5.793877524649301
6.084841433015694
6.150071993006161
6.278124707045962
6.375662230800555
6.4494320097453794
6.556384801428761
6.658986974703334
6.7760083892087515
6.854979267056912
6.978024900197022
7.059429619743622
7.092914852658331
7.125648803662655
7.156035372196379
7.1833917300730015
7.212216274799199
7.243902486447687
7.2475265833220295
7.262079917418334
7.274077789880846
7.304802586785306
7.3188762534962
7.345285378478485
7.350595708228894
7.349944240791245
7.336191613982085
7.326266674732209
7.325051658536399
7.344425377643032
7.349511290869668
7.350509169273204
7.35089202232309
7.3467667183818115
7.337676039584486
7.336350027122011
7.325514668717223
7.325424714500482
7.339194957514905
7.349002202949141
7.3681210034980795
7.3903002752861635
7.410891499664821
7.431205938960702
7.442678537878511
7.450142067192562
7.452981958072181
7.463821053991821
7.479200555044163
7.488688910940871
7.499540650372005
7.508070403602229
7.526501103474691
7.53415695552184
7.53221447137186
7.538189130453406
