0.0
10.319016377196034
13.773684805461041
16.729255221049346
18.586092086690297
20.20880066659553
21.55700059032797
22.6881402900955
23.848895451293586
24.68751826707359
25.487817530715443
26.25211497939047
26.787839425689906
27.18957263966022
27.639789051490922
28.148060977563006
28.72204929063952
29.37268873903019
30.04139236165629
30.73659867809954
31.40770672366411
31.857632493418123
32.287764414620106
32.602023872904304
32.89120122640684
33.111362481986156
33.24749248462151
33.33065155844928
33.43133790994153
33.59416292672466
33.699877635436664
33.72840134969282
33.79529624635423
33.79718598024258
33.738049862639215
33.75653001846075
33.75216130123647
33.69503557112706
33.68100145231304
33.72048677905751
33.74917421873108
33.73438238781045
33.68285870322823
33.641008348837325
33.58463223263071
33.543296824496764
33.473070538946914
33.371762725802206
33.32113368652536
33.29107505603134
33.23758724148809
33.17454719405593
33.14353602254722
33.11043536370587
33.111813619229196
33.10767798050934
33.10851933626822
33.101073804842166
33.111771064749846
33.11392460467194
33.12323997073288
33.155180597073524
33.17342742689978
33.15994730871867
33.14937346887267
33.14628489083223
33.1820706054467
33.23786989354422
33.301781905822835
33.352103256300886
33.385440957895035
33.41026222530596
33.44700650949806
33.47682267351839
33.50067870161463
33.555370965139815
33.61426723612988
33.68026915097924
33.69741888102376
33.70780214364958
33.72261263735013
33.74696770010984
33.771735769479285
33.824731112043374
33.871938282521846
33.91346834616873
33.959495308899996
33.97659722343613
34.00295696096244
34.0437750937825
34.06652445497841
34.0749677438584
34.0650262361556
34.05454851822616
34.068766298549676
34.08148195941283
34.08370214808023
34.082779125207395
34.08455086773784
34.091850163021014
34.10075596642119
34.10085242633584
34.0911678760257
34.07963961647421
34.07250830034013
34.07301210386047
34.07572609236294
34.06818735485164
34.04534729440587
34.02540683745163
33.98974898410856
33.96508637660036
33.92915317339122
33.883092422227854
33.85000919843585
33.83139789564658
33.824194551881014
33.81516042500971
33.798540394751306
33.80015055066352
33.815371691594166
33.82922803746234
33.84522617451563
33.84157928073609
33.85898779868604
33.87442874701467
33.89152810039671
33.918331651996326
33.934228161809756
33.942606233252825
33.9444020203986
33.94689433322512
33.945253343127646
33.94792107902187
33.96400395340193
34.004198602759644
34.04378163709992
34.07010481048803
34.08939349717186
34.12488519808754
34.149337424179116
34.183407581654514
34.2194880970021
34.245452940380524
34.280383960268516
