0.0
2.370202159774656
2.9764345178864593
3.322807250819604
3.460966218124859
3.6477224511496513
3.7499964723295998
3.82518661231651
3.841562327261393
3.847210819368986
3.890856657143902
3.9264534387440087
3.960258141768557
4.013260452049057
4.041077619865118
4.066248103593141
4.095144379907108
4.122174327391024
4.133421852724233
4.158431886701884
4.168182220176917
4.176243639302193
4.199761182117347
4.217268722530229
4.232539101427109
4.259907633651597
4.277382190035942
4.270869965068107
4.26151088652731
4.265457704493159
4.255607266869537
4.2517543979881145
4.2557429164938725
4.243847397126262
4.252731635819438
4.267071731956066
4.278663383884146
4.2776337414420045
4.284069787831629
4.289672684109473
4.291789289134176
4.294979984942975
4.30065330132481
4.300881855538346
4.292037934340601
4.285028365388786
4.2817359018334304
4.276899775961068
4.276849997243537
4.28739265382423
4.296252928300083
4.30395676671397
4.300138915826942
4.304154284659253
4.313142823353174
4.317855178537547
4.329231872155711
4.3397750684952925
4.347983204073106
4.357662804513764
4.359925712685052
