0.0
5.1033442708024035
6.033397812444782
6.407980839706151
6.544299049184903
6.7267574047776675
6.821166210810226
6.924044177637828
6.916499589756479
6.935424232916267
6.991135928489835
7.038046280666944
7.081963041164081
7.120569150357318
7.138383010836811
7.14425272962581
7.155034341596229
7.159354157550873
7.1530974664665345
7.136220324309323
7.16350914187089
7.1789691674806955
7.200293055251996
7.277145025881483
7.2785681055082065
7.286503643048456
7.286569738906284
7.30379639619672
7.298980580776085
7.317404879186601
7.343768689260121
7.329632917164895
7.334364137511135
7.351399194313661
7.3612503918552665
7.359845899925467
7.355384336264271
7.339190902094283
7.333703154575208
7.331377386761841
7.325234156678807
7.306242368799893
7.306696166300225
7.31281405958921
7.306099429109206
7.309766399329829
7.311773602277398
7.319867961009811
7.330192542635046
7.325007407761849
7.32181624337574
7.337899578650259
7.341352288351769
7.3397182083253085
7.336516064388739
7.333548496715988
7.336827608441136
7.33467729476887
7.344990241828543
7.350373040791619
7.372098718799785
