0.0
4.764287130026778
7.945146417584601
11.198483275218889
14.308830838736052
17.430158792183082
20.55449094567864
23.746469523330227
26.717126544693755
29.671796039831275
32.73036953604045
35.775759799037886
38.84645293908503
41.84176424550892
44.9033715990948
47.88197418800772
50.77870532575365
53.61321830311235
56.552848070116845
59.581320971827196
62.432075035050744
65.41005235940702
68.49155242729817
71.5287806038533
74.44869424473546
77.47343392803077
80.38222611657059
83.31802153539354
86.18367103078604
89.07899484437964
92.00178490901311
94.8513835062602
97.73382235015697
100.70233605656934
103.68833663665939
106.58658491478485
109.45975577274513
112.42235146095004
115.32648043172539
118.32560224074412
121.21805967690041
124.11894505151999
127.16394585621522
130.12182078000805
132.95262107809904
135.93153002746664
138.93770379583884
141.89323518674348
144.73909056909702
147.68324259612464
150.7307937150006
153.6104954716033
156.52560826765708
159.5853666726629
162.63708355017306
165.6891259149918
168.66088122043854
171.6951475274081
174.77385452220355
177.76313009794146
180.70906417398325
