0.0
0.9098722314107852
0.9074945479005775
0.9035562010581618
0.9057994223184249
0.9047860961962219
0.9078271689753142
0.9076424611417944
0.9083410959030936
0.9090984641457343
0.9109773691051475
0.9127840977765194
0.9119444265515596
0.9138297092422646
0.9130719314327054
0.9116647094529644
0.9117819375281557
0.9114734319634272
0.9109368967761263
0.9095597956624248
0.9107312771666314
0.9106553660118081
0.9098117732501331
0.9099739148244845
0.9093993199641413
0.9091259267710672
0.9088210173209315
0.9087642797610632
0.9089938089566275
0.90894624636385
0.9088838028465651
0.9085479413039751
0.908657759112176
0.9084757180800819
0.9079151349339236
0.9078918528020983
0.9079919131271398
0.9070726546955011
0.9074071623319803
0.9071659892438281
0.9073454266397893
0.9070842121752174
0.90749912912553
0.9074023831646212
0.9070182732317049
0.9067896405793289
0.9065744947809508
0.9061184254188255
0.9059720345381103
0.9062120395121038
0.906173233006218
0.906216330305705
0.9063486283420198
0.9064036788426805
0.9066159127880551
0.9064387388583575
0.9063576689572838
0.9067767993136915
0.9067841202717454
0.90681614442293
0.9069439462686391
0.9069821953583053
0.9068884626291915
0.9071128856892722
0.907124695013395
0.907071009664133
0.9068787351064261
0.9070543582372684
0.9070199148363414
0.9070796770770214
0.9071925092783442
0.9075343274849907
0.9073420899133411
0.9073544857735593
0.9069032611015152
0.9068328761124407
0.9072096224965788
0.9071995260114374
0.9072401831733362
0.9071608552515259
0.9073014871213568
0.9074294708612469
0.9074211551334197
0.9073658838552859
0.9073309930065804
0.9073703818898176
0.9077143745878036
0.9078379607862305
0.9077228143655974
0.907541131859967
0.9074889531019856
0.9073320170850193
0.9073555561480414
0.9073485944606369
0.9069926874405235
0.9067758818303612
0.9068809762901846
0.9069659708021494
0.9071275935550837
0.9070614051624682
0.9071703509829374
0.9073500418745167
0.9072942741636909
0.907075694932167
0.9071800618723403
0.907179314634677
0.9070548929873764
0.9069219358094247
0.9067648233381098
0.9067255536328914
0.9066775864441544
0.9066619804093987
0.9065692025399158
0.9063667047058471
0.9062929188086281
0.9060627397314511
0.906026538211653
0.9060319616059085
0.9060526787787246
0.9059778225394286
0.905968861875704
0.9061307925604193
0.9060809893097962
0.9059484067979776
0.9060630869111297
0.9059434011843932
0.905924135623632
0.9059435893544234
0.9059127977772696
0.9059823860758301
0.9058502250779827
0.9057728637603671
0.9057424525626709
0.9056988101836451
0.9057007139504497
0.9056727413868606
0.9056965174877312
0.9056164999844604
0.9054578842085631
0.9056132478516381
0.9056458516444116
0.9056752245331608
0.905603194233882
0.9056865245496349
0.9056357296063589
