0.0
3.6979332608026523
5.797505159962287
7.076411176741903
8.094444353819426
8.867855224012988
9.561209857399913
10.15422533114797
10.668170319795314
11.185472208552575
11.80339331613133
12.234677413955739
12.604624087318879
12.955201196967781
13.203705438568775
13.430761747936966
13.640227622661543
13.855075350143778
14.065586628273888
14.281993049387577
14.534865210557737
14.787843448704352
15.030055796574164
15.246402438871845
15.409902816642353
15.55801446291826
15.73446634227167
15.926871287246554
16.100548365089487
16.28587913873583
16.47879887839879
16.676995577135116
16.888547502176547
17.097768468519813
17.348095732030817
17.56078454873029
17.791744026567056
17.99711799912028
18.210038931744386
18.417317815259683
18.60574639615376
18.768065961617904
18.880408745414037
18.970528883363105
19.04466026112844
19.128426938354373
19.194959907758417
19.248187623383505
19.28193985117943
19.295797536110467
19.297384708026087
19.306627211873558
19.307851053559396
19.334476467133353
19.34712715592832
19.360073057657456
19.371516607714476
19.3862199045975
19.400198249777734
19.401396054877466
19.399152148410128
