0.0
3.386937899544066
5.294164700814727
6.7965442739536535
7.795650466773827
8.667306509381932
9.312786046234372
9.930765820694308
10.456416522449404
10.907267947952857
11.475964322294468
11.923781396529654
12.30534986605854
12.632035664019522
12.890025919521793
13.113606436615347
13.308441501419889
13.523359883454148
13.759586120169192
13.937983957017318
14.143039873368727
14.390402203161901
14.636361988462804
14.83891497401187
15.008917180926405
15.167755238581757
15.329655709479168
15.516616421325525
15.681226146543978
15.870651885543488
16.06588623798884
16.257669100086794
16.478231954231433
16.666709783301936
16.89184241925605
17.133228055951367
17.33184321146716
17.542578213364646
17.746404185404618
17.954571484159956
18.149869372434996
18.3075957458358
18.434202706998818
18.539020650528073
18.603980570429616
18.679877999169527
18.770647249018573
18.836705550171764
18.891184931184327
18.91572894614088
18.927050975031875
18.940734354293124
18.96181251028858
18.986795047376468
19.014452234853124
19.03999126280167
19.06488895751298
19.07728743552534
19.09440274788458
19.108165047489138
19.101136356851317
