0.0
12.080263004221047
15.555585344899805
18.519601697156563
20.384350077489206
22.003550083676135
23.361568056944538
24.492391211315674
25.6576419955268
26.499271591971553
27.303678689768823
28.068804875603067
28.603645030232073
29.006787151121113
29.45693904563552
29.96235654182609
30.536003446320546
31.18669777166102
31.855266372621617
32.54957124397715
33.22259223859772
33.67202538918381
34.10165508147178
34.415807820103645
34.7040057300021
34.92390763952036
35.060244319883125
35.143206687798454
35.24470354124147
35.406679605959376
35.51204973488628
35.540694551880954
35.60820573134315
35.61049692515235
35.551426778555474
35.56998327018544
35.56558829171482
35.50790666796944
35.49376900959879
35.533233482654765
35.56241481408757
35.54767727024109
35.496880547193804
35.45530833579196
35.398528605019166
35.35704302310005
35.2869080175059
35.18527932619624
35.134367777166354
35.10465500056874
35.05103930314774
34.98789445360179
34.95713656889413
34.92395473470688
34.92562726655973
34.9213995919713
34.92218519733924
34.915554800728344
34.926219909937046
34.92841524948094
34.93799303304666
34.97017265453747
34.988207496048716
34.974848542171124
34.964379670243474
34.961148114509086
34.99691249855022
35.05296621381762
35.116724847424905
35.166775540861366
35.20012367614154
35.22539270509087
35.262208411508425
35.292035035216834
35.315296592139525
35.3698826711981
35.4291555976411
35.4952342782565
35.51223041470799
35.52267439640502
35.537661744317546
35.56165123429962
35.58674118669027
35.63958764579511
35.6868919582618
35.72864199542671
35.77509134804638
35.79218833121984
35.818390913504636
35.859265117863075
35.881984397696286
35.89030593181467
35.88038212166926
35.86972518132255
35.88363480874608
35.89591525110174
35.89820737509192
35.89731307958073
35.899252502218
35.90681882641781
35.91585017866955
35.916190367101514
35.90653518530709
35.89495103691741
35.887805252365176
35.888210683452215
35.89080167095143
35.88318432805409
35.860111835352264
35.840146575619016
35.80439286438209
35.77965444112176
35.74371774037411
35.697336138066916
35.66404269235892
35.64523812717405
35.63785477945255
35.62880265054759
35.61224113998076
35.61369072008713
35.62881755606155
35.64302504194802
35.65895787074751
35.65520950569866
35.672909514568474
35.68825439859763
35.7052985582333
35.7320927251173
35.747990086541435
35.756467617775456
35.758221443730335
35.76066916708631
35.75922796051991
35.761915197890794
35.778135365116306
35.8184045674144
35.85794446098536
35.88421618310412
35.90354912968337
35.93929530504485
35.96385799930288
35.99806747643582
36.03424676463033
36.06043847316464
36.095294070538586
