0.0
8.850715858454299
13.232064557172103
17.001091445058563
20.534130119396565
23.99855686568526
27.414713169118414
30.672203816002693
33.769785788750085
36.823046417142194
39.96031782421265
43.11372757126251
46.28504699938235
49.39906642410309
52.53927966349217
55.64232463999023
58.623459088249426
61.492137861331834
64.46522147971264
67.52444528849358
70.40239755638274
73.40862393549796
76.52131644060721
79.56182459153301
82.49668664679402
85.53313166411672
88.47296350609827
91.4231411781742
94.314980315648
97.21602442030155
100.13812373375404
102.97446462612756
105.84780329205832
108.8147047291469
111.82155953545501
114.72634539355823
117.60107894693235
120.56420970520072
123.46497321414189
126.45479480583268
129.3458558514311
132.2362723027976
135.28121663677302
138.2531076715775
141.09427558727612
144.09197549735808
147.1202656558463
150.0966667763204
152.96336957988595
155.9187079272562
158.97376515122312
161.85633896530837
164.78215573515982
167.85794737197213
170.91920659920146
173.98216737492606
176.9626273819463
180.0161858890648
183.10266357112374
186.08969382207565
189.0417049852781
