0.0
12.419242726376313
15.260496945643512
16.905828083275743
17.972349350091868
19.153051619262083
19.910154323534783
20.267068901173733
20.605188487135322
21.064814589712302
21.277955348501198
21.491798583483988
21.895593101683072
22.232092532622296
22.315228432590715
22.325976967774185
22.344617315864532
22.387127571312877
22.429997085352127
22.445976083165643
22.551014867637075
22.613264852286864
22.668670983306875
22.759623221245462
22.84416804504812
22.88563086741511
22.98258970194904
23.081020766612063
23.186416507257068
23.26554022543358
23.369958946730478
23.468371868838393
23.57420681362043
23.66653109754996
23.704025121527767
23.71454427829468
23.671871566962146
23.59218973226438
23.55050830625856
23.545605044179332
23.564481648483383
23.58674462908278
23.62594490807966
23.64730509410283
23.628195873840745
23.629626540148163
23.61708387987265
23.58732995208107
23.55496748861186
23.547931163341392
23.57956129032321
23.585089676985874
23.539024237906776
23.499323464517637
23.456660199436072
23.44326429343558
23.453504552975723
23.45741023910241
23.475191172646227
23.499665406952886
23.543180844329807
