0.0
8.675540856948441
11.827342073978485
13.91556677983429
15.597824256156851
16.9071071873636
17.99250730593288
18.99883177492788
19.74442642824688
20.39095482795761
21.069938697680495
21.733334020030984
22.331171745618676
22.861279319257243
23.310366832572278
23.740999060702343
24.102466506918237
24.46388596422255
24.77700653968441
25.03088260510773
25.303841468393482
25.61252127179198
25.902410008692485
26.140341010204843
26.31766294011521
26.524639019096952
26.752585161914737
26.984292343937046
27.161319023322527
27.347898521535576
27.544241235620962
27.72062608621571
27.95794215343175
28.168331935124655
28.384279133719264
28.6284705654347
28.844408883484704
29.08702451442282
29.286580658864082
29.50776977074585
29.71983971885012
29.90310968466
30.061012315031054
30.191087630471664
30.262341770702314
30.31055872269636
30.383476533724977
30.448856845859865
30.500532979520532
30.535739452281888
30.575825444575354
30.60498624157381
30.639494949628
30.67369879227282
30.705134367053308
30.73119524785529
30.777695243329063
30.828345267371063
30.876645173357034
30.917564613338733
30.93478920036728
