0.0
3.3108650813511766
3.630235453902871
3.8555645321691387
3.993270427078948
4.017669398607974
4.082935942232737
4.087833764757906
4.10644893891451
4.107567667258927
4.102516531281071
4.14893671476904
4.145727265286668
4.148823173679999
4.166274917804192
4.176273718104465
4.198257013839331
4.2229838043826025
4.2265749576253775
4.213627787654102
4.211572593903998
4.228677016144495
4.235298972756947
4.235311952281075
4.229462194007049
4.245211974867469
4.243021091768659
4.252556878325822
4.252183937750132
4.252506595753805
4.260828027888987
4.262609769285187
4.265481078988909
4.274534369961677
4.2837765791507865
4.291337771662631
4.30244969704597
4.300968490648236
4.296755116529937
4.2968711512647895
4.292917789524356
4.294086199542291
4.295648037725962
4.300917832901387
4.304070836470282
4.297791549295962
4.2942107663040066
4.2949572333725445
4.303006341786399
4.303467172961805
4.3031808049109515
4.312829459207365
4.315185772072608
4.315361025775011
4.312861709389633
4.3141590950624025
4.31542491953691
4.3217309572060545
4.323650162372194
4.327027418134498
4.329219730600519
