0.0
0.6357931300244849
0.6844727117864101
0.7140848124520577
0.7236727442915786
0.7288807794730529
0.7331998074597222
0.7450917319023977
0.7481854067996648
0.7495039839070934
0.7524765151037686
0.7550256808787125
0.7569824580198997
0.7576155143361933
0.7570727177709086
0.7595236352298618
0.7629398714274477
0.7652429017579138
0.7648903914013812
0.7655503344174668
0.764472295105375
0.7659239842510923
0.7648486888417271
0.763975659163315
0.7634881606009515
0.7654349095242523
0.7654023967797061
0.7660747396642812
0.765363209100438
0.7639969270581383
0.7643303698708831
0.7634022005906542
0.7644768597702644
0.7637953060311727
0.763926529845497
0.7647074317816865
0.7640866838073141
0.7633584091359026
0.7638442449445152
0.7637798355311078
0.7640020403915767
0.7640064685846019
0.764361439718165
0.7637973548291261
0.7629227163731993
0.7635222085462549
0.7637045974884966
0.7645450589739661
0.7651971183831884
0.7655107739098175
0.7657640514680967
0.766124669718339
0.766296618949435
0.7663078005604121
0.7665340174334077
0.7671127104668691
0.7676249731910751
0.7676932926447256
0.7679048538192063
0.7676496914210433
0.767658064850271
