0.0
0.7870568575027362
0.8094771131020986
0.8351615096459689
0.8520241417614197
0.8474927069514901
0.8546184160708866
0.8623485556083982
0.8692823844959028
0.8712371972048972
0.8753507008705604
0.8807849138489237
0.8852908105827845
0.8882034760775117
0.8861916160375157
0.8848428930433638
0.8849106575959266
0.8833402585108938
0.8819819589408475
0.8815265025779011
0.8857888666891177
0.8858585269715455
0.8879565799603337
0.8902696492769574
0.8926298174109721
0.8929016240501096
0.8945035448037204
0.8965199095565134
0.8966109201855046
0.8963685533308252
0.8959600700287925
0.894920555334216
0.8952754780268924
0.8963547356983066
0.8968132769536915
0.8969452807478704
0.8978722507782188
0.8977710134527603
0.8976813540261749
0.898187100251104
0.898566523945446
0.8985449488143492
0.8980507200131053
0.8978302468634927
0.8994155428552698
0.8992402587955212
0.8997339678851212
0.8989720146239923
0.8992686662522615
0.8996580048360708
0.8999886433481286
0.8995261020942136
0.900073594546062
0.9010661444694134
0.9013571380074624
0.901346703735096
0.9010711628264334
0.9012679565404779
0.9013240119498616
0.9007235700015903
0.900996295575593
