0.0
0.6614398027692124
0.72417302038963
0.7444753575957246
0.7623390529465295
0.7745205488528757
0.7753807904240818
0.7756622996663051
0.7745345370103701
0.7755881465103643
0.7805162784268238
0.7815829707958624
0.7796070855939886
0.7812937893854178
0.7809287973404582
0.7823255517854862
0.7853241427521578
0.7860047055611531
0.7867246059331319
0.7870889444700089
0.7869307912589878
0.7863553012917459
0.7858615268613534
0.7855174043576795
0.7859124846402217
0.7856199462050995
0.7859348027423748
0.7862433892844625
0.7860239063834796
0.7864338676930144
0.7863945839496848
0.7868895058852625
0.7877142671691364
0.7873170140411614
0.7887975211525913
0.790249187903715
0.7908140049140152
0.790966221927585
0.7917260640346965
0.7915165255040689
0.7914461474086969
0.791812582560404
0.7918460660573056
0.7920919340545707
0.7926523062279227
0.7923244663933505
0.7922615847213046
0.7925400899120904
0.7930730718282307
0.7927867932530425
0.7928293690299549
0.792861535632887
0.7927264135109396
0.7933801442650638
0.7934341380875112
0.7935008095622671
0.7936757579055176
0.7945372581819972
0.7946520933983476
0.7943492527623527
0.7944516808414552
