0.0
1.1077831527007647
1.1479798424928958
1.1640621586834443
1.1711728149413088
1.175455072480706
1.1806075116072736
1.1830109223057876
1.184492629631649
1.185124028049132
1.1860313251269776
1.1865197236139564
1.187554949443969
1.188934891111952
1.1896357680854475
1.1898904935251007
1.1904926667677527
1.1908666389463458
1.1915949609201686
1.1915844337378878
1.1917155990543968
1.1927360257745945
1.1931171795383666
1.1939800482591403
1.1947358949634055
1.1949603061739043
1.194921865670399
1.1951619851300541
1.1954492342022398
1.1956199206963252
1.1959346978072507
1.1958767055975383
1.1960739760300982
1.196279707507682
1.1965846976738788
1.1966832233094684
1.1967637351194056
1.196719513909209
1.196514416904642
1.1966648068983186
1.196607262468111
1.1963708164781792
1.1963932735215252
1.1965818969928324
1.1965411699211619
1.1964363263529065
1.196559267787586
1.1964485464178205
1.1967332390639767
1.1967988100667246
1.1966363250851655
1.1969796554109182
1.1970498678003008
1.1971564430195138
1.1969934024156157
1.1969795226920783
1.1970050539188972
1.1970098371106397
1.1971803589422583
1.1971683442324292
1.1973472222222221
