0.0
3.4524862728018446
3.522334587736157
3.5451060464628767
3.554112999023506
3.5605058767173965
3.5698329968631417
3.572538848778207
3.573792915772897
3.5747138609465345
3.5750911694717558
3.5761715964856076
3.579580716277784
3.581278803137407
3.581438812235978
3.5812741092037492
3.5821055418550927
3.5827823693685383
3.583320028560782
3.583400981130816
3.584311867295964
3.586363288969973
3.5880439011009755
3.590247966954007
3.5918133408837454
3.591496149098916
3.591748381328276
3.5923768971898515
3.593008525934984
3.5935012532830752
3.5936819399011046
3.5935996608637857
3.593671584408067
3.594553189835417
3.5950142768010402
3.595212200273592
3.5949473384484736
3.594412182495762
3.594041076011269
3.5945037419012533
3.5940780240856087
3.5936810254740132
3.59359324749463
3.593856837667961
3.5931445509735283
3.593263061429493
3.593152970652147
3.593284535374054
3.593706134066505
3.59368894424813
3.593916179666706
3.594277613276008
3.594484713127163
3.59424062365366
3.5942743701706923
3.5940307352730687
3.5942242796296866
3.5943167139855836
3.59448378807352
3.5946035066897846
3.595162326388889
