0.0
1.0391661922686763
1.1320343553483392
1.1612826066349393
1.1773200385709026
1.193252953621908
1.2039192354344248
1.2111855119593524
1.2146009667922053
1.2182036110795615
1.2205021393118791
1.2218456920903875
1.2245990692325095
1.2276887210492708
1.2292783885818193
1.2321345272465225
1.2335285483911766
1.2347319614569812
1.2352958931166966
1.2362010186030832
1.2358388326548755
1.2367148643720256
1.2377232484447598
1.2387232973299864
1.2391083892892087
1.2396085125020815
1.2399140391323247
1.239977236347151
1.2406676797641956
1.2409044784212588
1.2406912597675208
1.2404695171790416
1.24029429690383
1.2406108173208927
1.2410734295295054
1.2411884010920269
1.2411795733938122
1.2411137830731311
1.2412609704864233
1.2413699306512447
1.2409572485784517
1.2414725980800325
1.2419955089500931
1.2427177576619926
1.2429597157828967
1.242728980355555
1.242722632276927
1.2430279215239457
1.2431591292166646
1.242914020347661
1.2431501006916812
1.243011720639167
1.2425252739928205
1.2429150688593933
1.2429400172277043
1.243430993506938
1.2434724373802502
1.2438632126045435
1.2442043446670428
1.243951770186651
1.244001736111111
