0.0
1.3801424883495068
1.3894517703209102
1.3922615491295212
1.3939333452003424
1.3941381824539878
1.395434069251288
1.3959179393534653
1.396188635954255
1.3970301392489857
1.3978692231474592
1.3982251166935427
1.3980035799246253
1.3978386791758017
1.3977101732059527
1.3974092298242025
1.3977049721935944
1.39830552254461
1.3985331441802873
1.3988211820131013
1.3990891935793162
1.399128498673761
1.39911847266213
1.3990972877536543
1.3990914168543618
1.3987182875373345
1.3985060828109688
1.3985650520205244
1.3985844583825449
1.3986553424967878
1.3985886034088117
1.3985513194023687
1.3985209886147985
1.3983103319130712
1.3984451720798634
1.3985103120194018
1.398534521500493
1.3984116767455046
1.3983635704654078
1.3984929563781527
1.3983640055649942
1.3984660378333644
1.3984234669667681
1.3982663787218472
1.3981145866077764
1.3979356936163156
1.3979633854669886
1.3979500967016716
1.3980398293400977
1.3981547885816077
1.3981042324699042
1.3982183532109955
1.3981515077757902
1.3981368542851111
1.3981308679297322
1.3982358455035406
1.3983109998129848
1.3984473884570472
1.3984316428965748
1.3984230249038283
1.3985265066644588
1.3985642110601515
1.3985881268016436
1.3986022993044418
1.398570117685573
1.3987357921225625
1.3987243364630857
1.3987620805683316
1.3986629295207285
1.398641166316194
1.3986725447297497
1.3986800027376967
1.3986786406364768
1.3986450286007355
1.398687002392692
1.39873918125694
1.3988670810666999
1.3988541880556693
1.3987725530435224
1.3989167430371414
1.3988995223577099
1.398922518190648
1.3989220567543421
1.3989238165094458
1.3989921877132854
1.3990355223553297
1.3990594900741915
1.3990171627243477
1.3990055613727546
1.3989599733210574
1.3989444680837904
1.3989403024510345
1.3989887589448546
1.399019567441608
1.399004896612918
1.3989450602002869
1.3989369990487155
1.398855767230192
1.398909995119506
1.3989381160857761
1.3990210081596757
1.3990324054625671
1.3990897922998937
1.3991342373633082
1.3991672159183304
1.399203887483098
1.3991654216462568
1.3990881181517372
1.3990410475640596
1.39901248223554
1.399010335957188
1.3990377703381975
1.3990401445830865
1.3990393579093827
1.3989811704492514
1.3989855701701428
1.3989451060047642
1.3989448979104757
1.3989586499636448
1.3989911881749169
1.398975029883758
1.3989719454626928
1.3989198113310697
1.398912677323763
1.3989375540964277
1.398965747940513
1.3989936899887883
1.3989623222926835
1.398968374206032
1.3989939808560408
1.3989773073668363
1.3989809455652729
1.3990195842607969
1.3990650308887922
1.3991614902898628
1.399194968169495
1.3992272589686805
1.399216689916552
1.3992537211423435
1.3992788302380632
1.3992841689319704
1.399348221143811
1.399335062488051
1.3993809752371564
1.3994012225115742
