0.0
1.1299351064181467
1.1605035967303112
1.1721373765143077
1.1767407258440366
1.1799158126954057
1.1850127157246577
1.1866426758393642
1.1871499500659348
1.1879178744092822
1.1886381830454866
1.1889023113894228
1.190080983858056
1.1912810686866873
1.1917513952910712
1.1917372530955808
1.1920777654593901
1.1923414185716243
1.1928158155696635
1.1927560425590193
1.1930901105765848
1.1940250640496264
1.1944916152144018
1.1952510175178237
1.1959024986271267
1.1958692231619212
1.1958265370808512
1.1962626714855045
1.1964052658930573
1.196631057187191
1.19666945807897
1.1967176555923922
1.1967954378762817
1.1971627404638394
1.1973602650881137
1.1975256025631502
1.1975183846287816
1.1973538060598201
1.1971860781587413
1.1973771052237818
1.197249106509842
1.197101423312662
1.1970180701154487
1.1972935732907466
1.1970121268191445
1.1970458343048753
1.197072093834113
1.1971448289951208
1.1972676446254227
1.1971859329257455
1.1972856068485536
1.1975698364956968
1.1975935009919298
1.1975454569585624
1.1975461942698438
1.197427547449917
1.1975161082921864
1.1975350952213717
1.1975816153991234
1.1976067762473026
1.1977842881944445
