0.0
1.0411073108474462
1.0865224926849628
1.1209129191618594
1.1338498597684308
1.1451181490835323
1.1530522541546173
1.1585377274039688
1.1633460301770524
1.165581179339722
1.1688023900428313
1.1711732976532625
1.1744802606476121
1.1769094550841945
1.1780160587950381
1.1790964722737691
1.1814325298308936
1.1823052576461415
1.183244906988582
1.183500399003543
1.1834804604786329
1.1844892374346772
1.1847587001203221
1.1855480205408921
1.1856439207392084
1.1863491281683056
1.186736448547098
1.1871265535175137
1.1869144878880002
1.1876327265302937
1.1878157641517089
1.188319134545352
1.1892677807251155
1.1889271970691069
1.1896041094060763
1.1901706459429906
1.1903086059643644
1.1902627839195667
1.1907544940334567
1.1911449817202302
1.1918998638084544
1.1923164869895597
1.1931232486598569
1.1938264558130423
1.1937658293615472
1.19368881843197
1.193650184797423
1.194153958770222
1.1944758951473666
1.1947024471425722
1.1948733331683856
1.1952316601751405
1.1951352865224125
1.1955168501356934
1.1954726108465414
1.1957473624562676
1.1960405993479035
1.1961010281410303
1.1962045948889264
1.1965219567069636
1.1963997395833332
