0.0
3.7634855252364163
3.901289357442129
3.961237365873301
4.009174963674602
4.025186712745453
4.049778148809724
4.0709528160441355
4.082614703152632
4.095450463516182
4.101914832904127
4.108871164656236
4.116054015843775
4.119433120000962
4.121436852269535
4.123892901183369
4.1311601053917775
4.134557816050835
4.135957581419077
4.1365788352589385
4.141354747663243
4.144761716735377
4.148275037664332
4.151826321234532
4.153164025164388
4.153791336911399
4.15569019509848
4.157805565245449
4.160570805888346
4.161862105319389
4.161729609408359
4.16147915716796
4.163057176754261
4.1621366283809484
4.162529984959788
4.1636421974312965
4.163572792478174
4.164347305789863
4.165313392000792
4.1646131671242905
4.165087069875988
4.165763248474966
4.167139506721423
4.168290960033869
4.169085617645871
4.169929845217018
4.1702553172602626
4.1712919385946785
4.171952088958029
4.171809167906702
4.173343997533694
4.1734170080447015
4.17452004265655
4.176196214306922
4.176383133714176
4.176259195366056
4.176828186574519
4.1772875930787725
4.177632363866099
4.178015278731654
4.178804253472222
