0.0
1.0533425519774942
1.1410786006971343
1.1680502298091595
1.182103448865668
1.1982775329980477
1.2067832192014816
1.2145329543423353
1.2171232807488834
1.2205036656736559
1.222793448555104
1.2243548332201537
1.2267905145528935
1.2293912182409632
1.2310359548711578
1.2338791144337775
1.234968851666194
1.2360645342231655
1.2365255159422093
1.237482385143469
1.2368088212227617
1.2379362576585258
1.238776680894009
1.2396403394034752
1.2400740308126492
1.240519918658147
1.2407353054405177
1.240768087787809
1.241425633494458
1.241595887651398
1.2413986753156536
1.2410659269456468
1.240977859317128
1.2413762400938757
1.241762738912894
1.2419472925304473
1.2417510098713695
1.2417225673790075
1.2418126168126449
1.2418740468454643
1.2415464085814436
1.241936247131178
1.2425287207596238
1.2432839931551753
1.2435485860009852
1.2432092857937507
1.2432462790905618
1.2435459668581264
1.2435985685990878
1.243363091149302
1.2435563379226355
1.2434482894826346
1.2430310677035064
1.2434014862480447
1.243422255608118
1.2438500153180885
1.2438816505250536
1.2443269277080538
1.2445635287976529
1.2442850051686034
1.2443901909722221
