0.0
1.1320177594531315
1.1617924286922803
1.1730140047840938
1.177307094607921
1.1804938990671965
1.1853946437761045
1.1869923611389934
1.187521033506969
1.188244833700771
1.1888829677326747
1.189129577023714
1.1903045042946199
1.1914453282617359
1.191902059268858
1.1919212755844828
1.192242150651288
1.1924854100764688
1.192940235040697
1.192887619108849
1.1932098999665701
1.1941267486393738
1.194611168567472
1.195342728327596
1.1960055791418862
1.1959671384972128
1.1959547408408653
1.1963620147248266
1.1965075711290765
1.196701099673697
1.196765810929417
1.1968033404181537
1.196867865562047
1.1972306056513042
1.1974345597991178
1.1975985186592462
1.1975805945462301
1.1974284112497864
1.1972415876433677
1.1974358653779447
1.1972992364592352
1.1971490601904053
1.1970875141885362
1.1973371777172184
1.1970571075829963
1.1970863432714232
1.1971343669948091
1.1972041150342476
1.1973235253891645
1.1972385471859486
1.1973345647755294
1.1976249829891124
1.197635067215025
1.1975960659556075
1.1976011708632677
1.1974696873988058
1.1975528454593207
1.197583066443695
1.1976197797721326
1.1976570936844384
1.1978372395833332
