0.0
1.3379425052166574
1.3595616142709945
1.3702673866532769
1.3754584397161391
1.3789932939435705
1.3814807782616305
1.3836492550837163
1.3848186495844312
1.3871867184722217
1.3886664440362888
1.3898471087610331
1.390451726657438
1.3906593852255835
1.3908316207930207
1.3905066000141493
1.3908366734411128
1.3915578037442673
1.3919982491845873
1.3922916799080611
1.3934877562358436
1.3936288615194272
1.3940451765226378
1.3943555289937704
1.3946557299044244
1.3945100139160307
1.3946529767651934
1.3947099823812403
1.3948186916682759
1.395079595981487
1.3953742369052842
1.3954213133108249
1.395570987155045
1.3955862423870835
1.395680190067741
1.3958488840117758
1.3960056163992722
1.3958870684595028
1.3958615389518008
1.3958507525161676
1.396078865690194
1.3963007897957427
1.396242804382358
1.3962654261281473
1.3961490497027018
1.3960595480709903
1.3961501036821344
1.3962296956157403
1.3961914289028297
1.3963664308236508
1.3964683075814286
1.396487870153506
1.3964087320635319
1.3964343280567768
1.3964169522335432
1.3965369935740322
1.3966713128344204
1.3968200241822881
1.396767679030053
1.396854355678402
1.396895004943032
1.396978239549455
1.397079399067924
1.3971700151235693
1.3971777126519684
1.3971785092013755
1.3971973572095346
1.3971634391252254
1.3971927316286266
1.3972337898108307
1.397233563753196
1.3972763265324397
1.3972969920627352
1.3973450912787304
1.397294483598958
1.3973051590143228
1.3974241749848726
1.397537229707178
1.3976050236529909
1.3976657594637583
1.3976905448174817
1.3976378019806712
1.3977130306128227
1.397690451529722
1.397782184913183
1.3977931866014777
1.3979018528402773
1.3978488854085434
1.3977839757495731
1.3978311142134985
1.3978377019065473
1.3979318352978531
1.3980226741638642
1.3979541034394418
1.3979369155649746
1.3979494512004944
1.3979056442200535
1.3979067258288604
1.3979214779206137
1.3979743149633233
1.3980665842367408
1.3981217239386512
1.398199272600042
1.3982326422394251
1.3982217068825855
1.3982634141169819
1.3982647773512364
1.3982715805571102
1.398202171092988
1.398243657811536
1.3982314556094468
1.3982438536651411
1.3983263267587698
1.3982889916420036
1.398203120818531
1.3981848479395682
1.3981591438604515
1.3981745565577999
1.3981588643716159
1.3981519489172354
1.398123252489858
1.3981349553984874
1.3981462477118762
1.398100094876677
1.398129844950779
1.398182833866758
1.3981888806110996
1.3981886615057055
1.39823046086979
1.398266834708006
1.3982327183568775
1.3982513831378924
1.3982925896861385
1.3983440896801078
1.3983468161239845
1.3983861355180889
1.3984303095337713
1.3984869552552186
1.3984773797571592
1.3985254976994392
1.3985339850423086
1.3985782393436796
1.3985991120698817
1.3986201236559817
1.3986275679976852
