0.0
1.3283101125975463
1.3527140187554587
1.364912043757864
1.3712661119802063
1.3755560153234976
1.37836461718107
1.3809038670357394
1.3821462257154264
1.384724419506063
1.3864269458752465
1.3877993609401713
1.3887156675075605
1.3889907579568572
1.3892412565611205
1.389010103849557
1.3891733096198653
1.38982070735052
1.3904950933158258
1.3907196101116042
1.392042476132167
1.392295803126375
1.3928851601170475
1.3932550072112182
1.3936390374240542
1.3935131523624267
1.3937255068027699
1.3938081839996455
1.3939072433457398
1.3941681492939753
1.394629455593107
1.3946358712786255
1.3948670558147183
1.3949233701350674
1.3950697495009914
1.395223891446435
1.3954182391429326
1.3952888200888616
1.3952591600050985
1.3952351061021255
1.3955534786920003
1.395803462409377
1.3957399564168214
1.395800313629468
1.3956850384267376
1.3955971665684646
1.3957158899988804
1.3958340862693919
1.395719427592901
1.3959221315041268
1.396050602287904
1.3960706956121651
1.3959730380060829
1.396028473271882
1.3960002884492215
1.3961331136300739
1.3962951056096977
1.3964006190504061
1.3963757090045221
1.396490216053299
1.3964779064418678
1.3966136582063347
1.3967211181141987
1.3968199011041325
1.3968334768915358
1.39682955273108
1.396847769708416
1.3967747589646013
1.3968235545213694
1.3968941173367275
1.3968931635321205
1.3969231151710195
1.396974004558154
1.3970226040288598
1.3969394035419247
1.39697147977054
1.3970609642478446
1.3972250693329598
1.3973178989883606
1.3973552386149475
1.3974148301306795
1.3973410570366283
1.3974129176776071
1.3973974057448604
1.3974749564012536
1.3974975382715316
1.3976390149690643
1.3975983477394271
1.3975120190795476
1.3975525569062657
1.3975639762255947
1.397665409944683
1.3977792422629973
1.3977054484650528
1.3976917369998205
1.3977156256758128
1.3976609619386966
1.397681479511176
1.3976924182316917
1.3977417821713132
1.3978342933962935
1.3979082346099958
1.3979927271843844
1.3980389737176309
1.3980001031745217
1.3980498731822546
1.3980532512292954
1.398069088988738
1.3980034834008186
1.398065189230188
1.3980375641141316
1.3980664892964723
1.3981496161737899
1.3981320507842683
1.3980123775732616
1.3980050477398727
1.3979784241973032
1.3979920428678771
1.3979767939583636
1.3979525885537571
1.3979218640748963
1.3979193050972578
1.3979524298942763
1.3979110286620522
1.3979351631054455
1.397995126172816
1.3979780676655873
1.3979969379376036
1.3980404384893135
1.3980958483608734
1.3980524304550674
1.3980802242085513
1.3981337753997634
1.3981813785608237
1.398145090977024
1.3982015295395933
1.3982436142641852
1.398320631278868
1.3982890499724014
1.3983381481549944
1.398369736996157
1.3983854206722628
1.3984192049027626
1.3984452989923404
1.3984461805555555
