0.0
1.1276963099748236
1.1818695595536675
1.1966388895504783
1.2094021198706357
1.2191304782934897
1.2217098344204955
1.2302102391636516
1.229864920611775
1.231830080084492
1.2329218944327816
1.2354326812739878
1.2367932116238083
1.2370824048479154
1.239805263133753
1.2412045235557545
1.2415926023300632
1.2422984792050422
1.2424348906984284
1.2427106611451848
1.2422967128927436
1.243100761319369
1.243824824268779
1.2441746054554026
1.2446689435811809
1.2448321352657006
1.2448465924523986
1.2448911127812692
1.245192159256013
1.2450753792576417
1.2444496244122958
1.2440017780698214
1.2440457309115327
1.2448600841658062
1.244937378363939
1.2449493753173546
1.2445033143099624
1.2442808681865773
1.244426944134529
1.2445047824579951
1.2441081113717765
1.2445593415759462
1.2451575758994444
1.245721522139846
1.2461792574744892
1.2457381335553943
1.2457824298394506
1.2460309078930816
1.245920535772806
1.245709422381369
1.245587520508376
1.2454779366758282
1.2452545587302766
1.2456051063022986
1.2454693616029533
1.245862257694994
1.246002114790683
1.2462822950327577
1.24640209652065
1.246001931723694
1.2464019097222223
