0.0
3.465283555474641
3.6558362041891646
3.7162085424759805
3.7535101560777857
3.788433753353039
3.81055469069327
3.8229858843080913
3.831097075934556
3.8397229825714922
3.8434846157202176
3.847501023410911
3.853872675530122
3.8596490675703095
3.860995895794761
3.8678627037280497
3.8727052041976995
3.874464077812816
3.874494393812195
3.874908253728728
3.8745173305721234
3.876444690643271
3.8792364430010204
3.8801041233221527
3.8807327687496715
3.8807912275041283
3.8821691974241737
3.882155949425687
3.8836131290474887
3.884228073207897
3.8833852295238716
3.8829189757459246
3.8821813763336777
3.882526454778128
3.8837742132385507
3.884031586321192
3.8841697956381442
3.8838132939148338
3.884379807843699
3.8846305612966057
3.884694581027408
3.8853129339071253
3.8863115340599363
3.8876147509934644
3.8882049663321685
3.887928091767695
3.8885551857620992
3.889358559103971
3.889596954063466
3.8888846977981286
3.8895480109008207
3.8893664648810296
3.887849192616861
3.8888632606940643
3.8888619362506027
3.889479018020594
3.8897311636165024
3.890505272524202
3.890959129926241
3.890686523474861
3.8909092881944445
