0.0
0.9478083645706612
1.034930044990286
1.0751468292038533
1.1010519304606525
1.114740438327913
1.1251092519820967
1.1375424661091513
1.144632840925469
1.148079160706808
1.1508626905777
1.155396746084253
1.159964357694243
1.162458690870918
1.1649316636323308
1.1672748714270322
1.1695764552968309
1.171269402857554
1.1735021029195416
1.1743661823763496
1.1743861213243068
1.1759829382059959
1.1771716864628219
1.1785173268950526
1.1786348466092686
1.1794226772226781
1.179895984510912
1.1808141750215777
1.1812787483770502
1.1821014164238133
1.1829809759061458
1.1829389212841577
1.1836569981993268
1.1842005625861742
1.1847291810916065
1.185170927266857
1.1854151649861533
1.1860751999964703
1.1864303931680888
1.1865979397507769
1.1873752872554033
1.1880483880186352
1.1888420535466482
1.1897447406858155
1.1903805273753116
1.1904250406214087
1.1900695864678235
1.1905553450449693
1.1910092287079836
1.1909611234284272
1.1911911722634136
1.1916165816265034
1.191719925191663
1.1922592870404431
1.1924803485299493
1.1924401941809903
1.192615759962597
1.19276367798959
1.1929292671285672
1.1931454590895874
1.193517795138889
