0.0
1.1436543034291526
1.1683143436332168
1.17749261037291
1.1799435678407026
1.183462455104939
1.1874735173490762
1.1886626595762044
1.1891095189245455
1.1898014906688157
1.1902579136004268
1.1902777420658572
1.1913461421799323
1.1923006715979831
1.1928227829947289
1.1928726420459301
1.1930461696529584
1.1933095325459804
1.1935883705567711
1.1936880458376586
1.1938921796325979
1.1947343763126086
1.1952574668737568
1.1959348838259332
1.1965904250078918
1.1964671306378725
1.1965226410241783
1.1967941090839773
1.197018167241364
1.1971357227655195
1.1972293461880088
1.1972250432425302
1.197248720290633
1.1976472671164453
1.1977899482732388
1.1979437542731854
1.1979191328897003
1.19775146559757
1.1975300997221436
1.1977236565172822
1.1975902493928587
1.1974533000704122
1.1974043521300828
1.1976103097865671
1.1973133793478523
1.1973589103630211
1.197409500972581
1.1974811524994349
1.1976208325549649
1.197522876953504
1.197618937612717
1.1978945887326462
1.1978894724312015
1.197835844318121
1.1978480829357712
1.197731049621942
1.1977769884188192
1.1978425677233433
1.1978689700469796
1.197880873889204
1.1980768229166667
