0.0
3.4204137987283545
3.5040199904561855
3.533673810156747
3.545983053166007
3.554294977787438
3.5631710291527674
3.5676478758295596
3.570215464980927
3.5706783165253517
3.5713746790926213
3.5726790261707984
3.575548541466775
3.577633723865246
3.578107232729792
3.5788136170043776
3.5797997648349766
3.5807339124174535
3.5815685940851254
3.5817172552804153
3.5823016201807243
3.584508787701928
3.5859731287463887
3.5884266831448515
3.589957385687789
3.590226673355391
3.5904516128226036
3.5907665632230037
3.5917029146303854
3.5920482706270884
3.592643438713849
3.592427593037514
3.5926123419504212
3.5932566964854886
3.5938885467895716
3.5939224013371764
3.5939066245204394
3.59347706703511
3.5930259472047816
3.593457926333599
3.5931583423177957
3.5927290278920996
3.5925943488202647
3.5928670293245926
3.5925158828765795
3.592394025428275
3.5923521481107743
3.592276683784028
3.592951430759153
3.5932014682620883
3.592958950933169
3.5934190365978442
3.5937186951856837
3.5937329725939096
3.593472475160486
3.5933817350455723
3.593477011055159
3.5935176175737094
3.5939620399184666
3.5939935426576475
3.5945399305555554
