50163
50503
50493
50254
50574
50066
50489
50025
50416
50571
50463
50099
50617
50461
50006
50334
50225
50326
50563
50333
50437
50374
50598
50450
50333
50564
49946
50269
50343
50509
50313
50319
50485
50533
50577
50465
50664
50307
50241
50420
50225
50250
50534
50384
50951
50198
50518
50408
50620
50665
50032
50543
50487
50228
49811
50185
50294
50682
50525
50553
50303
50595
50337
50639
50306
50350
50265
50469
50411
50170
50505
50688
50391
50538
50394
50772
50174
50547
50604
50635
50492
50702
50294
50290
50476
50472
50208
50592
50888
50565
50597
50042
50242
50390
50140
50621
50423
49922
50411
50702
50261
50071
50607
50387
50236
49923
50167
50299
50139
50563
50451
51032
50525
50581
50460
50023
50588
50103
50271
50457
50119
50041
50471
50490
50115
50552
50487
50416
