21521
21447
21597
21549
21674
21903
21470
21508
21530
21657
21737
21666
21383
21414
21592
21601
21699
21309
21435
21808
21486
21624
21641
21675
21581
21619
21520
21473
21654
21745
21644
21423
21719
21373
21526
21420
21811
21369
21430
21764
21557
21527
21793
21737
21468
21474
21525
21697
21642
21585
21607
21506
21651
21827
21576
21678
21474
21718
21560
21684
21719
21024
21654
21658
21614
21473
21596
21402
21799
21572
21464
21648
21575
21581
21501
21809
21548
21644
21668
21776
21666
21597
21660
21564
21804
21624
21646
21456
21679
21430
21588
21459
21756
21448
21515
21632
21314
21749
21564
21782
21644
21435
21895
21705
21836
21488
21564
21653
21468
21640
21721
21612
21641
21756
21778
21729
21497
21273
21650
21821
21699
21455
21661
21516
21606
21485
21338
21318
