4336
4327
4292
4328
4238
4243
4391
4210
4307
4307
4284
4413
4290
4305
4296
4202
4346
4339
4357
4306
4325
4355
4369
4333
4296
4368
4403
4456
4290
4386
4348
4338
4268
4311
4201
4349
4426
4220
4296
4216
4214
4407
4322
4309
4274
4304
4415
4315
4285
4355
4360
4310
4360
4349
4346
4272
4328
4344
4325
4399
4315
4270
4331
4315
4166
4325
4275
4325
4318
4168
4283
4336
4209
4352
4413
4359
4339
4285
4228
4377
4466
4295
4205
4434
4320
4245
4240
4260
4326
4238
4230
4313
4358
4227
4299
4326
4399
4330
4381
4381
4254
4259
4360
4297
4302
4378
4347
4232
4315
4357
4213
4368
4281
4320
4456
4360
4392
4371
4366
4195
4265
4261
4334
4383
4325
4378
4301
4373
