10103
10017
10032
9968
10046
10101
9950
10150
10076
10222
10024
10337
10044
10189
9901
10195
9883
10058
10080
10041
10088
10146
10153
10056
10135
10113
10060
9900
10073
9917
10031
10109
10154
9960
10250
10082
9982
10018
9853
10090
10030
10121
10196
10018
10038
10148
10023
10027
10083
10280
10186
9925
10014
10202
10140
9980
10080
9973
10042
10020
10103
10093
10151
10151
10131
10092
10062
9932
10149
10217
9935
10059
9908
9934
10169
10086
9931
10103
10181
10050
9966
9830
10118
10160
10148
10051
10065
10063
10037
10072
10254
10172
10090
10157
9920
10083
10100
9928
10148
10073
10002
10004
10301
10010
10124
10018
10089
10238
10060
9971
9977
10052
10168
10156
10249
10114
9932
10149
10039
10217
10194
9895
10076
10077
10079
10170
9969
10152
