0.0
0.817687152138934
0.8565929421674824
0.8685646824698523
0.8780121736438907
0.8835896424283913
0.888041541700395
0.8908634717615489
0.8924677484927572
0.8940251095962859
0.8950316471494977
0.8964236760022474
0.8978454162313446
0.8988881879340626
0.8995149840468253
0.9004494473170417
0.9015934171529086
0.9016302604490056
0.9017495517544816
0.9017463035138029
0.9015471493280381
0.9018147401212584
0.9021512669134307
0.9023392428949036
0.9025001392431454
0.9026052812934827
0.9029794620431835
0.9031243773956282
0.9034189063101494
0.9034454720460268
0.9033138302672267
0.9031085494327379
0.9030668755138991
0.903040761346303
0.90321021148531
0.9031259572760065
0.9030426667773608
0.9030086616264407
0.9031084867601775
0.903086207095894
0.9030280841753664
0.9030758672316904
0.9033467978728453
0.9037286522020238
0.9039409119556845
0.9038967944182107
0.9041529342586387
0.9041949430747174
0.9044458195783006
0.9044007688894681
0.9043629403319031
0.9043722702680639
0.9043054671012162
0.9044347031463972
0.9044358530770968
0.9045334750030701
0.9045922733286089
0.9048179840974248
0.9048115837344914
0.9046262568720194
0.904804731666642
