0.0
0.8019329339853452
0.8184676630898362
0.8241570251314865
0.8261416344476005
0.8280267156386522
0.831001029644399
0.831767231554389
0.8319297315863685
0.8324888584764217
0.8326061154039134
0.8329154864592092
0.8341670814204197
0.8346528664383426
0.8347300503317288
0.8347393354586167
0.8351846879954754
0.8352888950351892
0.8353956421037806
0.8357553473748413
0.8359658138936298
0.8365117300871179
0.83695769885315
0.8375307547462667
0.8378377228160269
0.8378551224433309
0.8380954921766907
0.8381026610702335
0.8381994256720356
0.8381777451048411
0.8381383137728798
0.8381436126559443
0.8381405822707964
0.83852231101773
0.8385832734147228
0.8386598148980886
0.8385291690419362
0.8383528680543052
0.838351977427783
0.83841895190932
0.8382763864126291
0.8381162539297407
0.8382061622168983
0.8383054866354039
0.8381442957183058
0.8381283847992284
0.8381735495179742
0.8382623394467993
0.8383313947983173
0.8382660342583254
0.8383525280832058
0.8384628415049722
0.8385010525092329
0.8384950846395364
0.8384504911134661
0.8384368541309174
0.8384657582846987
0.8384904253519031
0.8385845332429671
0.8386625167277401
0.8388119476181164
