0.0
0.9438862096725091
0.9567014550904372
0.9623373652002633
0.964670139174385
0.9672103083415132
0.9695571423410742
0.9712650193420543
0.972263818144535
0.9730822265291381
0.9736883602936401
0.9745644358466233
0.9749121634521375
0.9750576789388
0.9752106092460429
0.9754327590349496
0.975853120588264
0.9762038616728851
0.976579182007025
0.9769281655993868
0.9772601756763224
0.9774010588486168
0.9775555970552607
0.9776744475287761
0.9777642024309798
0.977785135952447
0.9777907252970125
0.9777588689190417
0.9777877092265277
0.9779360121211682
0.977948325183808
0.9779039115728465
0.9779374272173279
0.9780254247549636
0.9780332255781756
0.978133320149042
0.9782142785202594
0.9782714447510509
0.9782478239938716
0.9783513881394099
0.9784340631101324
0.9784774798589988
0.9785770285070622
0.9784850594988577
0.9783222943072438
0.9782880123401223
0.9783272150128052
0.9783110836961351
0.9782712294239279
0.9783482995684583
0.978358513810149
0.9783782704222894
0.9783146134053631
0.9782731889170522
0.9782525572086521
0.9782019751283267
0.9782443915974318
0.9783299727666193
0.9783489447313548
0.9782995120148688
0.9783497685311073
0.9784105463870829
0.9784464518005556
0.9784364127268459
0.9784260599090316
0.9784517178167571
0.978447606165919
0.9784967125947901
0.9784932883635833
0.9785182062387275
0.9784992167644423
0.978532686471827
0.9785778659974153
0.978593934877543
0.9786286597791786
0.9786364585852046
0.9786842510922966
0.9787324037355616
0.9787324169112024
0.9787818541827
0.9788336962634404
0.9788674859876094
0.9789141985356548
0.9788969277134997
0.9789325393277323
0.9789317651035161
0.97895412728087
0.9789797411657187
0.978964376975924
0.9789735301381701
0.9789906970063957
0.9790007354546456
0.9790043944802957
0.9790007473942888
0.9790063307966844
0.9789667875229944
0.9789661801080168
0.978917897156515
0.9789094053736255
0.9789174190184069
0.9789406096339742
0.9789313445192498
0.9789575788685668
0.9789680664638384
0.9789554952451811
0.9790093479831005
0.9789972186257782
0.9789855363322307
0.9789254641113639
0.9789028728266567
0.9788562506010452
0.9788827973449585
0.9789235845812952
0.978867203567845
0.9788472334385051
0.9788545603428556
0.9788467795947267
0.9788547725593281
0.9788515107172852
0.9788842152167679
0.9788832864904552
0.9789036806399639
0.9788935463909095
0.9788763202058971
0.9788892055873605
0.9788958123457782
0.978928719141575
0.9789431281645924
0.9789628692792957
0.9789909156223646
0.9789888164848376
0.9789793687105612
0.9789844576225156
0.9790142801321056
0.9790333604661235
0.9790479741138172
0.9790889947713125
0.9791073391127534
0.9791185060487305
0.9791286992285655
0.9791237030497206
0.9791417508876735
0.9791832119682622
0.9791993084384036
0.9792539996828856
