0.0
0.8527065410199826
0.874243269314212
0.8807980204689599
0.8838531210058739
0.8861015991461231
0.8884448478719551
0.8904005222113415
0.891166322679571
0.891406389825564
0.8915666801738098
0.8920551574530953
0.893066009498027
0.893840339848098
0.8940615186571103
0.8943146300102476
0.8946470891398638
0.8948654733110937
0.8949470734070598
0.8951407090988448
0.8955052535050576
0.8960354457837975
0.8964990717077883
0.897316815497391
0.8975147250227965
0.8976711622747746
0.8978386951696646
0.8978749498856651
0.8979466744125971
0.8979573747446314
0.8980653092064312
0.8979591352523345
0.8979262545931379
0.8982099518300934
0.8983462926328708
0.8982980395488962
0.8982794662318557
0.8980902238756631
0.8980729717016273
0.898105378399442
0.8980230319363078
0.8978274224978849
0.8978306727040678
0.8978866756934809
0.8977975567712527
0.8978107408478058
0.8978095792408243
0.8978579196519567
0.8980313076569276
0.8980607380061544
0.8980738913051403
0.8982299120640755
0.8983066395939723
0.898358308459868
0.8983435621680883
0.8983113042446551
0.898352137167738
0.8983745610672222
0.8984801840257113
0.8985471221277079
0.8987206034034241
