0.0
0.8366100354948621
0.8796014104657458
0.9025404483921844
0.9124589706154347
0.919754505554464
0.9245679109570342
0.9296670937792789
0.9332238306666008
0.9364898689353285
0.939120382387686
0.9408389809459275
0.9425633263441628
0.9440599413909038
0.9455148213374216
0.9464681106498322
0.9467541906555798
0.9473028037138402
0.9480961777355623
0.9484406670092393
0.9492228648806759
0.9499655310106131
0.9503708434126675
0.9507156339326667
0.9511783929959778
0.9515903063775857
0.9520628570829169
0.9524497473007498
0.9526228169426076
0.9527968638234534
0.9529853699612802
0.9534268372134732
0.9537050379908397
0.9540575777758237
0.954463470069642
0.9548989109836129
0.9552632638331752
0.9554831484788403
0.9557103240381666
0.9559085621973915
0.9563037431155997
0.9565856834469554
0.9568476588748972
0.957000783328597
0.9572170401834121
0.9574699272761883
0.9577101337124042
0.9578799401160524
0.9579530541682704
0.9578842777329118
0.9580037213969714
0.9582071830328577
0.9583082604117666
0.9584917580563431
0.958579351204858
0.9585384458231727
0.9584727942815106
0.9584331116543541
0.9585471986174949
0.9586603667462593
0.9589009203033121
