0.0
0.5464568568442372
0.5497662490162999
0.5524152621698256
0.5544403775764725
0.5565126051623567
0.5570959005934343
0.5568149071434586
0.5576449186117818
0.5577251012942499
0.5577217543059448
0.5578059043178384
0.5578507129889241
0.5576109014005565
0.557544917912583
0.5577426496087644
0.557833598273802
0.5580507396514202
0.5578338029569427
0.5580089063359877
0.557987456488317
0.5579663855552298
0.5580070800471677
0.5578961447573534
0.5581090117536571
0.5585093519249541
0.5586140345441262
0.5585863592805898
0.5587230326937649
0.558798789545636
0.5587961503417171
0.558645815358209
0.5587183203349808
0.5588200405060508
0.5588244208552551
0.5588597919060088
0.5589857572109914
0.5589522591721322
0.5589142762453133
0.5589209844972246
0.5589879229436377
0.5590212576017417
0.5590591611853044
0.559181783775338
0.5592102646717568
0.5591378930727338
0.5591823126036299
0.5591825992443574
0.559177486356354
0.5590866831910812
0.5590476463873275
0.5590763126081281
0.5591909218948152
0.5592938044410104
0.5592960442953028
0.5593468795056574
0.5594041042515557
0.5594188327694016
0.5593915492199318
0.5592785843450343
0.5592703918349607
0.5592951721112304
0.559294652893778
0.55922670714764
0.5591891808326265
0.5591684984456663
0.5591754337721175
0.5592209531869033
0.5591801667380518
0.5592194632380505
0.559187218919712
0.559192329759833
0.559141934938156
0.5591981388511083
0.5591875439293795
0.5592196231920514
0.5592658349856879
0.559224388456913
0.5592585849193112
0.559308928961215
0.5593097915255002
0.5593738057403105
0.5593090258803101
0.5593480352113696
0.5592990098654175
0.5593727763789648
0.5594133325172903
0.5594301885371764
0.559453469490461
0.5594877545664583
0.5594668499808177
0.5594813801942302
0.559495775578924
0.5594693365726858
0.5594261721902862
0.5594247307132407
0.5594472274217749
0.5594482896295662
0.5594108257954674
0.5594450748270576
0.5594472581436375
0.5594320882678567
0.559469999288603
0.55949468555899
0.5595257121180535
0.5596156781248923
0.5595877422984455
0.5596165610777484
0.5595967224672804
0.5596080777486387
0.5595944170183971
0.5596126748367839
0.5596347518966919
0.5595846411211538
0.5595830982637029
0.559586579620096
0.5595535984132936
0.5595629319829895
0.5595234271461162
0.5594835683141837
0.5595027932292355
