0.0
0.9144789688035792
0.9340697328679438
0.9416740221068736
0.9446399578471544
0.9492148946205764
0.9515606544426123
0.9520318361192365
0.9526183793386331
0.9534049862181635
0.953284989099772
0.9533015117554183
0.9541593689301843
0.9545018211507027
0.9547312556478601
0.9545248721300675
0.9544125624364936
0.9544968540137043
0.9546323108796005
0.9547326038406589
0.9549357444071894
0.955186078150944
0.955412164526937
0.9557776251925717
0.956083754415449
0.9560192943771035
0.956254654204243
0.9564802085018734
0.9567113192376775
0.9569614081827463
0.9570340832791685
0.956989051991307
0.9569551421393521
0.9572194345152963
0.9573362221849071
0.9573826487636148
0.9574253421995315
0.957295660748691
0.9572180432053924
0.9572523091969414
0.9572421130050943
0.957188394541546
0.9572666933520683
0.9573790082959739
0.9572851574991829
0.9572978700034859
0.957394920052471
0.9573397543884936
0.9573049906719714
0.9573608932466336
0.957485060341595
0.9574651537345642
0.9575301215956588
0.9574717949727379
0.9574072527194101
0.9573433794061798
0.9572332225311784
0.957209071326913
0.9572353020537095
0.9572236540683244
0.9573700320146975
