0.0
0.898155374002507
0.9351122977597007
0.9542282012475494
0.9646778400069271
0.9713110784453717
0.9757823133771372
0.9789905848686383
0.9816018462334682
0.9834387115509456
0.9850879273295091
0.9863462438976704
0.9874839376474981
0.9884468074548297
0.9892719207086177
0.9899871290115063
0.9906126720111246
0.9911646352290775
0.9916554493848668
0.9920946526320493
0.9924898243759317
0.9928476413855036
0.9931725048728441
0.9934693954239036
0.9937415257307506
0.9939916827884479
0.994222880457028
0.9944367310584645
0.9946354392670621
0.9948204480134054
0.994993092983276
0.995154550318614
0.9953059480914482
0.9954482539099013
0.9955820934312326
0.9957082848376274
0.9958275632292802
0.9959402609378747
0.9960471314900597
0.9961484946902142
0.9962447766618564
0.9963363229606664
0.9964235857916959
0.9965067243684274
0.9965861357894745
0.9966619744643789
0.9967345283166328
0.9968039929026429
0.9968705875099511
0.9969344246468581
0.9969957694969467
0.997054679737765
0.9971113036861152
0.9971658189520234
0.9972182766037311
0.9972688648830171
0.9973176364001735
0.9973646698210674
0.9974101301794388
0.9974540335073442
0.9974963698601181
