0.0
0.48863021828435366
0.5075557618142278
0.5196738977640311
0.5293697644909592
0.5308872021067161
0.5340874496842999
0.5387833065402479
0.5402646393973589
0.5423245707744344
0.5438538826515926
0.5449494322470244
0.5461216380728341
0.5471926452245378
0.546695235598865
0.5466208231359707
0.547943609878767
0.5483214913958736
0.5481493648450362
0.5485007439506839
0.549473569654782
0.5501512869783763
0.5508174966815621
0.5515380582408624
0.5517602454488011
0.5517482512442798
0.5524224467722224
0.5528111041259179
0.553049359122228
0.5535378861720757
0.5534507323417958
0.5533869287120752
0.5537055824935609
0.5538544431727489
0.5540909657116391
0.5542827395741448
0.5543370071378061
0.5545941661005205
0.5546333510956739
0.5544443679588089
0.5544820632684485
0.5543290013765784
0.5542138307424436
0.5542623204146375
0.5545150878182644
0.554754308531155
0.5548232405916543
0.5547771583215535
0.5550046984360668
0.5549861201527923
0.5551566623415414
0.5551337321697177
0.5553218287312793
0.5557229922589471
0.5557498398535909
0.5558083460077324
0.555698398478993
0.5558368430679055
0.5559275272550188
0.5558840922217221
0.5559041847519939
