0.0
0.41891454136800665
0.4550506205588242
0.46789700002886275
0.47294403100228116
0.4794187901653371
0.4827954593429402
0.48521945823843093
0.48575874419326315
0.48717757116410004
0.48953519792825606
0.4901233114472565
0.49080695636658456
0.4919007208601712
0.4923775104312189
0.4929214797741119
0.4937176541616701
0.49358659805836264
0.49370619370521224
0.49371696073305477
0.4934306655264351
0.493768643809684
0.49411909356801426
0.49432434683353654
0.4946080226166481
0.4944846546552884
0.494805374186682
0.4946856452687218
0.4947339305051531
0.49500226504140393
0.4950576425811364
0.4950091438091232
0.4952814078732691
0.49539288103162776
0.4958984359178564
0.49609714483133877
0.49604294072228566
0.4961035390727668
0.49629374881660965
0.4962489185708816
0.49611509987417174
0.49640795097582235
0.4964861899738124
0.49686096071212876
0.4970299099680864
0.4968881584761435
0.4969318247130434
0.49707024304575853
0.4972200685894666
0.497142583905684
0.4971514959029673
0.49704906091441414
0.496949645169123
0.4971734228740015
0.4971509038918498
0.49724453348495234
0.4973040430462713
0.49765718278397253
0.49768703235988265
0.49747680565402463
0.49756009138361784
