0.0
0.45280701837444115
0.46400491847919795
0.4682564436037193
0.4707100270069436
0.4725316898729489
0.4738058372072095
0.47421166718720253
0.47455156014621014
0.4748112447901682
0.47561458034335763
0.4755511607797298
0.4759101635839895
0.4764139745738389
0.4766676242944579
0.476698459077797
0.476951448316559
0.47714372523000836
0.4774179279444611
0.4773903852865433
0.4775065243887158
0.477816826372955
0.4780721985767038
0.4782623275215446
0.47856234317950014
0.4783863569945798
0.4783989839383793
0.4785158184505197
0.4786343200626776
0.4787323954352809
0.47868588445230964
0.4786623534733945
0.47872397909186815
0.4788351347277868
0.47894468499070897
0.47902867267944393
0.47907323345286207
0.47907622251652837
0.47900100749874586
0.47903922047586767
0.47901991982712167
0.47902510779686985
0.4790043872197542
0.47913651854801764
0.47900928309064433
0.4789284341325088
0.4789726063473925
0.4789757171550632
0.47895493446645376
0.47896894418122626
0.47902358748881535
0.47915823775298905
0.47918758074986817
0.4791492180552534
0.47916046821340186
0.479147333251735
0.47920043503017207
0.4792125775190467
0.4792657235137377
0.47926181212434904
0.47936015973463886
