0.0
0.6657367983762454
0.7206044084459502
0.7454753412714037
0.7651104445703747
0.7769973819194391
0.7865822910095754
0.7962946262776778
0.8004326314334429
0.8047634061796262
0.8074901603740898
0.8104121444248447
0.81389347164065
0.815807496972526
0.8169563244083774
0.8190490576283079
0.8202710197062943
0.8226765460203169
0.823736877948804
0.8243627316733894
0.8246768598544377
0.8250420472352702
0.8251943904656065
0.8259825840456374
0.8258089031177849
0.8262157009113151
0.8267445464220747
0.8271441098390456
0.8273236896907563
0.8273928791836578
0.8279517593096715
0.8281627624132492
0.828524878616357
0.8293185963611323
0.8296399133129198
0.8299847657627315
0.8301267778259008
0.8303395407486541
0.8301557596810192
0.8302157866443587
0.8308454807369611
0.8310699377833024
0.8314222991698175
0.8321204988629993
0.8323511171334705
0.8319186518809649
0.8318507636229576
0.8321125179054847
0.8322847732048417
0.8323108749876816
0.8326754892053337
0.8330457824328903
0.8332367304093785
0.8336550111794322
0.8337557086391026
0.8336855331818093
0.8338183829848238
0.8342589510410557
0.8344828868663879
0.8346184505529942
0.8349236690748951
