0.7061421065481455
0.6998064070804109
0.7025165603522393
0.6997771746993617
0.6963649869614008
0.6949924510025457
0.7005797215855452
0.6964817200841942
0.7085418311044885
0.7016536010746033
0.7005693159699454
0.7025582138627988
0.6986871633017352
0.6983095219439626
0.7003585051328712
0.7007586574337716
0.7005771867326244
0.6975487763430401
0.7075554373997004
0.7021340040905418
0.7013050433639587
0.6967996037809593
0.6975910033405807
0.696993800363064
0.7054316624056444
0.7057487193023884
0.7028226742532114
0.7003198639782001
0.6920214193512496
0.6928670968438577
0.7106741643555964
0.7008937728977308
0.6964558063535511
0.713963925318404
0.7032741109385686
0.6979650442819192
0.7101623033574698
0.7114992659354198
0.6944641283200528
0.7014205890676347
0.690793844557169
0.7065244504768748
0.6888407721967007
0.7033625305963711
0.6959328895691558
0.7050236361416115
0.6944817296271839
0.6940290514494593
0.7052101669894626
0.7010551844490833
0.705344726580718
0.704102919918576
0.6921613615658718
0.6986015885363086
0.6980561815904027
0.705694711416
0.7013947022523935
0.7032226348138131
0.6997121223685633
0.6986422501209433
0.6985263757871997
0.7129251923607909
0.7028140885494054
0.7004395997938279
0.6951099570915719
0.6887436045769705
0.6979057900370778
0.696683852005008
0.7106073879130209
0.7055252262519582
0.6971746191524982
0.6988133010825587
0.7030756937973621
0.7051442375977296
0.7080835396838868
0.7084984614842273
0.6902998718165981
0.7026587971955274
0.7020715406520643
0.6925043335386455
0.7079122076621805
0.7112882578001559
0.7091509070999064
0.6998451518944875
0.7056559858247015
0.7073873469864794
0.688576727643041
0.7006606669765518
0.7111968244105543
0.6943108761184059
0.7013473110044213
0.7018153942616137
0.7013447568542869
0.696530257117776
0.7048038618310886
0.701168804793695
0.7039220404561929
0.6999032101440201
0.7063254646410175
0.6946056586381906
0.7078465042409718
0.6900950440454302
0.6985356859648608
0.693517347551071
0.7003172176973222
0.7023741234093607
0.6989362125081252
0.6981177970944239
0.7032653204050868
0.692543414556209
0.6931637347490173
0.6995783691904383
0.6923141785813758
0.6925118167444789
0.704702446527288
0.7143406118365512
0.7036204706145638
0.7083008907982449
0.6936420115357296
0.6925217563440228
0.7064294989276987
0.6974500506266703
0.7035135954469238
0.6964652966962913
0.7080300900858745
0.7031694199986629
0.6921475691571487
0.70276266791107
