0.6956721114479685
0.697291440669064
0.700701669843589
0.7018316250948713
0.7040599801224567
0.6970635707616224
0.6973915941280301
0.7051081978112294
0.69727961315347
0.6987310793211542
0.6963058435482334
0.6988966720005082
0.7043239236064816
0.7001742096499133
0.6986215503336526
0.6965508838616664
0.7006874705623373
0.699780560849625
0.7034972143781859
0.7026627645296845
0.7032811141410366
0.7006619825516155
0.6993283533815263
0.6991997580842486
0.6932151443267149
0.6987468332380297
0.6984569598805718
0.7029382092439272
0.7014254948061042
0.7050311712421469
0.699150201978409
0.6957535218634118
0.6995909099478274
0.6972055973285173
0.7034419442587992
0.6966435007621413
0.696533572815114
0.6988428348019309
0.697479663203172
0.6967004689517053
0.7001601394851631
0.7001485628695201
0.6959394408484337
0.7030300572612337
0.7025109426442531
0.6946443488539054
0.6981514804993328
0.7050707374207459
0.701635176276357
0.6970638996354191
0.700932904588378
0.6998115137287918
0.6972661826855483
0.6965231020019
0.6930032122597196
0.7017085426788732
0.7030803111929876
0.7037855860111372
0.7015645713772964
0.7020651461553615
0.7015942600854861
0.7020011480051387
0.6996887452718858
0.7010274280567288
0.7005295737723373
0.6979751758782843
0.7046160230186113
0.7018778888935572
0.6978469705363123
0.7005754878236432
0.7005878903562281
0.6961690533426146
0.6999491934454122
0.6993627790130322
0.6992865750324896
0.6986516182437648
0.7022824405848844
0.7006876695152476
0.7016323699707093
0.7040121972971477
0.6897498698391121
0.7030585334165664
0.7009136455450613
0.6975563470410983
0.6998744633819606
0.7019168954131706
0.6995377078919258
0.7062937710309632
0.7030921357868889
0.7021454508652052
0.7032721761332847
0.7037538827504186
0.6960466651688931
0.7062051921904625
0.7002831277035048
0.7036265088832427
0.6999268547713466
0.6958483274253114
0.7009715208269591
0.7042125097042513
0.6977394032543031
0.6982533996064224
0.6998142699779721
0.7062821735320931
0.701866487320546
0.7006950000556178
0.7034220307793181
0.7023301790604631
0.6961233355910611
0.6985184669511659
0.6979196488211321
0.6945741481726853
0.694632259629199
0.7002477497499446
0.7010018233482334
0.6989266893060277
0.7024741778262397
0.7072740248528414
0.6960223496381492
0.6970054096005303
0.6999093903081283
0.7008387737523257
0.6991259384934857
0.6950964861320893
0.7036059752659288
0.6963190057156811
0.7023689867162665
0.6989147320117883
