0.7586613684241811
0.750435225440445
0.7488290912438839
0.7542269479606364
0.7491768048181005
0.7487769438954539
0.7526385183059293
0.7495734879127847
0.7625903419632416
0.7541622092165888
0.7514508722180055
0.7505248724607146
0.7476789090842404
0.749239343388707
0.753959235583969
0.7508898998514522
0.746093319656756
0.7449011439002347
0.7502481523036864
0.7533946593678769
0.7504761116106267
0.7428200051483465
0.7489596772022836
0.7464562073760174
0.7479494861739825
0.7508211153823297
0.7472299833100532
0.7481787273303162
0.7404012311785457
0.7440537398773391
0.7605318545621312
0.7480974622168645
0.745832910541931
0.75810918619953
0.7518333798705695
0.7431022514007635
0.7569470738486586
0.7625401940106493
0.7460773650604983
0.7505066173845278
0.7422638510613854
0.7564039031039186
0.7400429889393091
0.7513031088600679
0.7458349258654594
0.7556350179708742
0.751267243622686
0.7407812694601033
0.7488678211438202
0.7490217501007553
0.7478991660833574
0.7531440493608684
0.7452753468993195
0.7493868183299925
0.7479127528522846
0.7556514469825824
0.7504676375115092
0.7510548641151263
0.7525194546506333
0.7497846490318402
0.7501022726076392
0.76010174727476
0.7523892121967467
0.7526293289315966
0.7470559859736174
0.7399157383823307
0.7515738394001122
0.748032779724482
0.7584952180055654
0.7526890797326823
0.754011482783098
0.7445842445777253
0.7524313250747635
0.7533970177607955
0.754714786901289
0.7588122342955296
0.7465601238548443
0.7502103606168243
0.7500626033541635
0.7467098440209363
0.7605723622787725
0.7584049803068575
0.757272713078408
0.7439796826917527
0.7552574624880659
0.7555568253492759
0.7397991536779563
0.7519974001998041
0.7578852473233189
0.7452075583620621
0.7526067981305943
0.7523895156229021
0.751109553194813
0.7460901479661582
0.7566282804924193
0.7499615846191806
0.7505667599307415
0.7475673038050832
0.7528034425745805
0.746451643182366
0.7543203384987575
0.7427840405318124
0.7496764113794426
0.7433792018956797
0.7545371962698136
0.7488489019776968
0.7510647696720817
0.7500999319459989
0.7588549626359781
0.7382249426380686
0.7450599059758617
0.7518229413388918
0.7390077739665201
0.7436662848164376
0.7571190330770468
0.7616589011850532
0.7561948250111256
0.7566681621960095
0.7439598385216744
0.7351094632138009
0.7575783324625733
0.7481860961837019
0.7538389652783472
0.7402057099252761
0.7541587733555838
0.7520260192189393
0.7453130247787859
0.7518461059877067
