0.7963320778370973
0.7698581925607328
0.8011830597181928
0.7751026918143058
0.7934669719484284
0.797567189378061
0.791907445165221
0.7965342221171119
0.8103293857975467
0.7970658691514338
0.7424298479263199
0.8102525355910033
0.8035300933598064
0.7964892069795596
0.8034063557634078
0.8016562039786126
0.8103672405977946
0.7838315464447905
0.7873978083589904
0.800888351431092
0.7825449499793067
0.7940569881507622
0.8028027508492633
0.7964713098011468
0.790963855829628
0.7982106258220147
0.7823451172144403
0.7956463726758144
0.7755073823720314
0.8048649806617161
0.8067526857113675
0.7911666191066337
0.8052367702806835
0.7929444341857793
0.8005752940013291
0.7744751429521552
0.7896533055110057
0.7944654770306335
0.8162110583284039
0.801025411849923
0.8156989035450839
0.8059358345348517
0.8039216310727135
0.7927290159162708
0.8082770637889051
0.8222920283615013
0.7964876293345697
0.8001055216013424
0.7929029745255727
0.8019316566752893
0.8014760896358469
0.7923435654966301
0.8011175522837316
0.8052392328450737
0.7952545980983523
0.7912533258145898
0.8108867583802912
0.8062985845406176
0.8021003293781407
0.8038659509547739
0.8109886042047818
0.7942083385146089
0.7832858270888984
0.818340002028672
0.8076242159822271
0.7927486026117639
0.7916035356905875
0.7894934685111586
0.7954456987072182
0.787967769286022
0.7766451280394315
0.7841796989683296
0.8203112403418561
0.7867549005903525
0.8154165069360712
0.8015022710639689
0.7967992522631849
0.7765337517091495
0.8155039436027893
0.7844766381289332
0.7847690541307745
0.8022987368835699
0.8214373260581818
0.7990898653407695
0.7836331579100766
0.8035626206147409
0.8134150943816102
0.8010455086656645
0.7868700702929499
0.7907610998347442
0.8051283177841633
0.7808570022218908
0.8093855917277117
0.7915903869615375
0.7979955849206765
0.7866488737886072
0.8125375917762087
0.8039894011015014
0.8310358846272858
0.7872051291673611
0.8039946616123349
0.7914097193687095
0.813268789848439
0.8012142772177789
0.8074164859727199
0.8151942587301467
0.8016231593624716
0.79907999789818
0.7777735947999543
0.8011941692311758
0.8231776699453296
0.7961996983274217
0.8021059796676866
0.7894122122996513
0.8010333075556926
0.8002684208845279
0.8072939197887004
0.8018221117715855
0.7974822946124557
0.7992630457339357
0.7687460472496574
0.8118966554281803
0.8124689964283827
0.826833271415117
0.8075707924349608
0.800521426872084
0.7804398180942844
0.7903146415795532
