0.7964800847600609
0.7697189996977584
0.8019876562186314
0.7742892812538781
0.7934669719484284
0.7977624816338115
0.7916872347139765
0.7964107838033947
0.8104734418288921
0.7970417605597763
0.7425756713518182
0.8105582116028055
0.8034938865505765
0.7954533427429101
0.8040765982787872
0.8013606388152155
0.8125147598173603
0.7813689466616037
0.7883261942314853
0.7995697749970081
0.7834136529628034
0.7933028362344874
0.8037226052110592
0.7963576484945366
0.7916165226261591
0.7986293813094412
0.7810769365711365
0.7950213850468212
0.780190543386493
0.8009135668062896
0.8065554638731649
0.7917640648380381
0.8042781891587906
0.7936314119312389
0.8004140307741173
0.7744752988926762
0.7888371492467179
0.7956535631488525
0.815754021052534
0.8029067396905261
0.8139507852565359
0.8064266309685326
0.8036003651885725
0.7932391811561289
0.8077305817975399
0.8222947310882196
0.796496204183109
0.8000942440260848
0.7932553102006715
0.8013971515909826
0.8008569388473121
0.7932737085456492
0.8009887294324554
0.8045990303316676
0.7967131903186442
0.7901646642808531
0.8127654001004597
0.8040299310216142
0.8027123358866756
0.803914228071925
0.8101700195588148
0.7954016972482109
0.7834152716039919
0.8170999146560798
0.8070138694184518
0.7940948179454032
0.7916035356905876
0.7901348115496168
0.7946470080179165
0.7886614536370765
0.7754342540499384
0.7849302195651484
0.8191778467833578
0.787743714200885
0.8156490254999096
0.8013855808275067
0.7970471415062741
0.7759823633337509
0.8167807924943434
0.7839336764956822
0.7856752051715935
0.801028816168334
0.8211206288878782
0.7992523860086868
0.7835610495673465
0.8033871601897402
0.8139238807733612
0.8018459661997066
0.7861598914866179
0.7906184652583655
0.8052192335273531
0.7807007366495857
0.8088179772862971
0.7919983435218239
0.7984857443900569
0.7861353682325579
0.8121369813951995
0.8044698298679345
0.8309322160346551
0.7874131098228307
0.8046525372927403
0.7905565239660528
0.8134366467374251
0.8010101816971399
0.8076250401137729
0.8151149694049932
0.801739372800277
0.7997903270856288
0.7765897203814609
0.8015476235390984
0.8233478719255686
0.7980205221919286
0.8001215714402528
0.7891015324919752
0.8013960858512095
0.8009368028749262
0.8077932742496048
0.8006897144789693
0.7974468250533214
0.7994781140007784
0.7688202756206841
0.8123121905143987
0.8116568999465528
0.8258113971072294
0.8086930235300894
0.8002930825293693
0.7804721123835965
0.7904425010955095
