0.4016618543625135
0.3972021901767639
0.3982273803451395
0.40093641582905964
0.40024804582137646
0.39992896642045017
0.39675404495126465
0.39854018041426076
0.40190567553533163
0.3987964016833394
0.40346637173711575
0.3977570042744288
0.403235205884028
0.39616217109246993
0.4022016002177414
0.4011289101866481
0.40076082548858916
0.3975492693360686
0.3963052531593497
0.4005677373299611
0.39495653546331466
0.3996643319250486
0.3996081104722035
0.4032188864990967
0.40092466159288426
0.40267517160878114
0.4009848370101952
0.4026347172532619
0.39902594530330365
0.39934929364818994
0.3985565353035743
0.3994612082237101
0.40217566250217524
0.39964153015238146
0.40378716021038885
0.40167189925455377
0.3989554513790692
0.40038220394828244
0.40394024701557407
0.4024108493983756
0.3991062405405746
0.4002412989762243
0.4032343480049799
0.4023362793982786
0.40102539925174635
0.3980921886154902
0.39772514540992626
0.4014591248235007
0.4014731379176389
0.39978737381085017
0.4031538949755739
0.39936237528909074
0.4016148414100142
0.4007570907354577
0.39998256754415057
0.4000915439046693
0.4014794411393097
0.4011949466072021
0.40027427642066626
0.40072863700374955
0.3974541253457414
0.40227407696746686
0.40358910238283013
0.39930289505234323
0.39980328058615183
0.39964005056084584
0.4009562176325255
0.40054776817480664
0.39890247892281594
0.39892997900387395
0.4021472404597414
0.40136155333966134
0.40119201017971706
0.4013778965978233
0.39952405946240915
0.4034090858369862
0.4006225581939021
0.3983629819824631
0.3999839313529383
0.40173712562114566
0.4002323587029251
0.39826912682533255
0.3958999676103073
0.4019903832791919
0.3992373984119862
0.39729307484014814
0.40080547357907415
0.39793835928121607
0.40016112605186266
0.40393054312768295
0.3947658771018649
0.3978541442295763
0.3968528041160174
0.399467555825042
0.4009862981776968
0.40223037583154697
0.40062862608309613
0.398212903402066
0.3994360831078695
0.39948681620083776
0.4003128136741492
0.39945472158928724
0.39929586441417275
0.4002543365736261
0.39895611936353914
0.40011846247737504
0.398844106903615
0.3974483259713485
0.3992872607146176
0.39794872172875834
0.39919499845920997
0.4018788837195948
0.40129101101613945
0.3995200054878176
0.40049296178054783
0.3989632186324793
0.4006444923492253
0.3948218379705768
0.40330416802246827
0.4037386283475182
0.3973853212907254
0.3990427310335702
0.3955289742048753
0.404653128181001
0.4025382832940139
0.3993955506761843
0.4035514381744229
0.3979222774957858
