0.40686791756652185
0.4027694465560524
0.39990218767990254
0.3956560059718659
0.40065654050531513
0.39630528004015003
0.39173642977057055
0.3954205978747406
0.40046280205391627
0.39726225994837855
0.3959828372431161
0.3964020447929258
0.3992180192647388
0.3933774359832572
0.4039254233486604
0.3985201222902027
0.3975143960548402
0.40074771888107585
0.393795030008983
0.3919837128036143
0.4025802955390083
0.4014886408185913
0.4030496647103973
0.39854980690420727
0.40056794109753857
0.39422738917010425
0.40190926371859204
0.4036427890915832
0.3974879809843293
0.4003904369894961
0.40136053658024917
0.3938529858283174
0.39406929947993974
0.39744796192516113
0.4018017171290071
0.40278170529353596
0.39322965650450126
0.4046163685488737
0.39739183726621297
0.4009707566036439
0.39985171154788673
0.3989672847941886
0.3979480068678772
0.39862161615177627
0.4081230477712203
0.40527275544828123
0.3943513698140656
0.4039668637445567
0.39221489450732755
0.40067583581795624
0.39879216259505557
0.39527750330849626
0.4040092154268258
0.403635340979234
0.3995722425961127
0.39832645282426954
0.39844487741569423
0.3987977310541412
0.3949499609296688
0.39653262241770504
0.4028024766090164
0.403343545629008
0.3946650389447627
0.40113070637302595
0.39606957647833546
0.40154170243230536
0.39663017332416733
0.4066211504735423
0.40168579277061617
0.3997893503684792
0.3978635896344855
0.40419886476310074
0.4015341061789109
0.39749520987316983
0.39626480825756627
0.3947096482184704
0.40531511277925353
0.4015157481673802
0.39502684415659645
0.4010715647998171
0.39664977588515354
0.4095252747638361
0.4038670434756005
0.3966796660377251
0.40110553991528786
0.39597745398814244
0.39917251907961854
0.39555990495871546
0.3923660808057887
0.40446649966571524
0.4076063676048761
0.4034046770241675
0.3966272501061791
0.39470445276734883
0.4041216145669974
0.39689652411213844
0.4050295768737037
0.4023082181887041
0.3997962508956197
0.4042440579365693
0.40734047054392514
0.39835595169116583
0.4006297485678819
0.39803369403602307
0.39948069113090046
0.39845915237036245
0.39906582599807827
0.394218604421992
0.4016467523591954
0.40327864139264885
0.39508373967195365
0.39740327265983716
0.40009189131711304
0.4061872098392616
0.39534966290849854
0.40198813848434306
0.3963392773735908
0.4073816382789955
0.3996602116777016
0.400519143884769
0.39278052405055874
0.3967144175605558
0.3893115690849239
0.39261307077778423
0.39825443132511734
0.3916278967015743
0.40500678230180925
0.3947197118643328
