0.40020699702675305
0.4001835795812459
0.40400367386484987
0.39633139041606136
0.39932781439239495
0.402730939395833
0.399460051904114
0.39702144132200723
0.4030078808212632
0.4049142966942438
0.40352086325988545
0.3979881848074528
0.40244396580267755
0.4029410793608862
0.40095490553693003
0.39842393375403
0.40053751796474796
0.39916792601127404
0.40172344065365434
0.4000106619608776
0.39660320622564943
0.4029591060468918
0.39796786682826185
0.3987358591339629
0.4036349844292683
0.40503065971265306
0.4003149945767029
0.39985700172829325
0.39643582100924923
0.3998786068466649
0.39579010861258745
0.39961658874309963
0.3968077208780094
0.4014289960261024
0.4021965205421206
0.3969439548418752
0.39849739466509254
0.39944048124546566
0.3936823970562526
0.399501615260626
0.4001554173968626
0.40062528621513654
0.4043572837570698
0.39582039587635887
0.3971162151296971
0.4029286848881029
0.40367263148356924
0.4037463789892096
0.40378673741483695
0.3989196554848668
0.39854960415058693
0.40596540921512075
0.40629440112902016
0.40181555429135796
0.3990243655491254
0.398444233836258
0.398359774054562
0.3985635000817754
0.4038780696089394
0.3998342925844838
0.3924337015441682
0.3988311490989384
0.4051847791431525
0.39505345583700524
0.3999221845948473
0.40645643243916796
0.3965102901431231
0.3946072475067734
0.39686863211726386
0.4008534899487578
0.4008963105257672
0.3995077743440508
0.40290593435009475
0.40234369914664053
0.3969699950519908
0.3963942398252057
0.4001348172889429
0.4017582075308068
0.39530446057344193
0.40510368627591675
0.39946212711207024
0.40036603677505217
0.4031828809900598
0.39920464684031204
0.4009594583011012
0.39905713171056023
0.39937480756771654
0.39997004001221953
0.4048976664951985
0.403937442630452
0.40345362800638945
0.39616402737789336
0.40261102987909764
0.3974052944669723
0.3948093846306092
0.3979487283705113
0.40063350960850563
0.40114858837169726
0.4013978151518082
0.40638378053901464
0.4001343598200134
0.40254955578420154
0.40038946546302356
0.39698385930959645
0.40135484690017076
0.40146520922188933
0.4033054331997033
0.4015472926670464
0.40182548277316366
0.40635792819822386
0.4022498415953656
0.39385605958538245
0.40388307467798296
0.40066704849157003
0.3984326245418109
0.39763118114225277
0.39795193881971197
0.40780177087017233
0.40378444234046146
0.4076794987401198
0.4013173825201587
0.39935862122829674
0.39978710228743286
0.40008232990450365
0.4028716921218371
0.4008000231492451
0.39200416783170083
0.39984283574906637
