0.7054183948603396
0.6931960105677053
0.6896166437701844
0.690968788331084
0.7019568487494736
0.7078833187087531
0.702988804893449
0.705778394580035
0.7016110646177297
0.6995399223249231
0.7124788402017547
0.6930906896511377
0.6971451083842337
0.6930460778696651
0.7045009880181646
0.6972907484719683
0.6991896936406882
0.6989704061999976
0.6983550215175409
0.7072338973199438
0.7098301298305782
0.7116460317061536
0.7054682904878208
0.691797266245449
0.7012096416983191
0.7073721545998582
0.6930346634275989
0.7003678459607087
0.7084320729474876
0.6982688793025699
0.6919614366523446
0.6945433223127921
0.7054128781552466
0.7072417118656015
0.6904487006144567
0.723196183930742
0.7067474163855302
0.7015351722138248
0.7008348231474719
0.7057381740088184
0.6869083752889559
0.7084131967865793
0.6952043671212633
0.6909790053413781
0.7061700934469446
0.6987040914186294
0.6983034308818784
0.6874447246885766
0.6975281229154685
0.6952971843984765
0.6995872113160486
0.6868597793374202
0.690720449761511
0.6817087269856233
0.6969041385161979
0.7011045215657085
0.6964516542220011
0.7043262927085543
0.7042373459698222
0.6934080529778438
0.7009366449307474
0.6923529756934845
0.7098715557208081
0.7069605764552073
0.690737731375896
0.7105950925258754
0.6802720740159125
0.69685058409601
0.7035975186259511
0.7141819433996812
0.6928252866626999
0.6969001999138656
0.6958646862574059
0.7031281357823678
0.6858078458302498
0.6842353953817165
0.7129414092705271
0.705730717028346
0.6960585394006188
0.7049596109611032
0.6978599181596016
0.704713740264054
0.6934018473540635
0.6900612880107004
0.6811091834578622
0.6975054850521945
0.7017212049480621
0.6990304094464536
0.7040135843484675
0.6821458220788388
0.7154132035027265
0.6977758185241548
0.709725733304065
0.7031371497562887
0.7073169654138147
0.6906349694658124
0.7104722785389974
0.6919073029620542
0.6946056615325079
0.7146201021352141
0.6971284203249762
0.6960022902939229
0.7000539638494823
0.6965805063621916
0.7053987327324521
0.7037382992090666
0.6794560080286832
0.7074037510762474
0.6844454916820989
0.7040723525382407
0.6999059930999482
0.7082864486191468
0.714679672714064
0.6937570594622159
0.6987704679361331
0.7130304463665863
0.6997070991036887
0.7081901984433012
0.6929028041004275
0.6982928698326216
0.696365613642464
0.715363665996379
0.7108333190607606
0.70043203288173
0.6978333140983323
0.6915575685092379
0.6935497948966103
0.7009066064113475
