4.492004542708729
5.771554042182902
5.184673027963018
5.2251146326355995
5.005953318868581
4.504799633651968
5.183827814219723
3.9668474715320063
5.375559155775326
5.78250587416535
4.958925694482595
5.354175307496961
5.2132244706753825
5.2465665859185355
4.758986691192782
4.537380156505873
5.123292131751222
6.917119535285115
6.8779752363102755
5.434841009794895
5.844483773305953
5.02438664313993
4.532561274367881
4.9521382051808756
6.168371130624181
4.346191359269665
6.06740394883994
5.966150426278274
7.668391545080994
6.9203586440274165
5.040928950341206
5.737226879510473
5.5227201682710145
5.175839960059026
4.3262330064727825
5.060328992882509
4.909312705653785
4.843920383956303
6.555606446819172
4.995111778332284
4.68473485573944
5.470370483842372
4.346771494635109
5.6479936352103834
5.180159121647142
4.84602817219708
5.529202319177211
4.90160339360205
5.693899982812211
5.779660784126071
4.534784134694852
5.427330538137372
5.8810162731247795
6.285770420229539
5.498219111112809
5.576362190017953
5.777772756833595
5.4129767257295285
4.270670522263756
5.836358776646993
4.300099636420499
4.568230716223
5.691762007155545
4.954916337125324
4.467849439915383
5.284860423195695
5.986105277182629
4.021792823374319
3.908021488943454
5.7348647928076195
4.351870462549495
6.660395331799592
4.405546184115657
3.8345198895395134
5.3716981333536715
5.824098322354973
4.5036041107450675
6.239695908370987
6.2669843177621685
6.169664216213331
5.57786024488501
5.659962660429973
4.405546480247039
8.668505736780382
5.953528237465284
4.7544649904983425
5.092279052616389
5.6201050003568325
5.731651252706466
4.623703129542077
4.198483252473949
4.979803521804168
4.75529871521124
4.477723691418439
4.330357661639778
5.080506374013939
5.090003652303281
4.740567535373248
4.4916774923162786
4.859052236059052
5.344886069885514
6.331356209761866
5.036600530125432
5.659423702215523
5.652960355347336
5.117741044524499
4.882480689310508
4.419630045238051
4.5764024110392025
5.839162917405622
5.580265230899213
6.679536122517526
4.632323301462073
5.2248781143128395
4.603101634642387
6.166543438628825
4.78615969092091
5.9370339906319485
4.933451601481507
4.671970538426657
5.742660712024416
6.445381309494001
5.0811316232238015
6.782549629146513
5.355381575090667
4.2975811313984815
5.1823220036796815
4.40528285042549
