7.923723753136027
9.566200903516688
7.618443188144819
7.679212752599381
7.405477985351533
9.825206389771452
9.59997786473814
9.34205695220128
9.177334102035505
11.765198581627045
8.325568032126503
8.421061768366242
9.142677773781655
9.411576592195308
14.884163996852317
9.30976812906377
10.223281077637969
8.449273565931822
8.970033091455026
9.783407060757089
7.217332815618091
8.616728109828516
10.738217685382532
9.941912120389592
8.052289504111437
11.289910582702628
10.69507608552046
9.338663627934215
8.872309585883457
10.716649632386735
11.480233362670786
9.994090732489067
8.651204535102845
8.630069766690912
9.266740435292078
8.966458738860975
8.827372559653002
9.053196793870873
8.918612311447596
8.87515717975549
8.48472462652304
8.839220494218274
11.200572627037198
9.487091820723418
8.681730773632019
7.220914195105146
12.326406937014585
9.784066949414392
9.259661276817685
11.149787258699114
9.441543895928127
8.745096834163004
10.214020618735765
6.950823015452857
9.098182052567486
7.216379361095536
8.676728718931969
8.092766089013352
13.990523638871512
9.007505871597411
8.768600391339774
9.644877987151078
11.714802812432742
6.287105925769176
6.74017356082922
8.21045969311839
8.238485738509604
11.459843501002917
9.857769076210088
8.94467977479747
7.455603783935826
10.41916125084975
10.631148890781521
10.568320378583019
8.481078944752985
7.252639447501181
7.5148387153629415
11.57440747960281
7.444045244092703
11.103348152863978
10.156872254118536
7.924159979700497
9.73358879277855
9.629457948490408
8.543796469370927
10.818012729128734
9.165759348494989
8.536539498708127
8.749550237328155
9.07744734401038
6.6130897730786335
8.094047528088439
8.414876001396918
10.679335902539721
8.550262812655138
9.468629971237974
8.337223172098932
7.738240371660448
8.847394784649527
8.883278617212511
9.127995545456772
8.457181088550627
8.853409945246355
9.71612831982109
10.209752418809208
9.397722302603613
8.584646453344586
6.662746667780157
7.2233649483158
11.37207217500334
8.102684335783284
9.391803505624571
10.277115000559887
8.83420897687418
9.18056623319037
7.720031175646837
6.826678773031852
9.57346672551672
6.99468884203224
9.066286146459257
7.957450665026519
9.500188003002963
8.844397316033206
8.174769429470436
9.051576373777609
8.653395764228238
13.693797551654654
9.165185057689644
