25.605139372707853
44.89079347547154
165.91218924604576
92.53671107425517
64.34695541309593
35.6637296379668
51.80718567453645
40.71198062155263
42.59262712423327
33.89681654789388
77.20782990023301
44.833563799882796
44.145058902837036
38.464461498853474
34.54536045525036
70.92580586419848
52.34578905392426
44.97703230727977
67.6740352369027
66.11115424919574
53.217098421079754
34.31848096386403
35.279788884665656
68.04371217992157
35.064122854256816
31.11588623155898
32.66166155707021
27.44218447464017
65.52103365192639
356.2447880681618
42.86082140118402
58.22406695851494
46.793460080991814
32.7235585969213
43.435506504830094
33.45403843375625
38.0207812462621
41.46128055617182
35.675266833080514
50.21990208594499
31.72346072494768
37.67411134634386
108.80359976546173
53.82593644343073
58.37813181954734
66.90761868182285
44.25340351411185
161.99354886865785
81.84014860377826
33.56810782133577
49.88933223187982
57.46408272910239
36.00356141568057
34.994526112495244
38.60957901587598
42.00146082418852
43.04739986475346
32.71760229460274
40.99639460062525
40.89750906344439
51.651664520286246
53.25817166927976
29.4944902697192
76.89527357070776
30.045054277276186
43.82055424368328
40.07532917280342
54.242676294621525
28.525344636757353
66.74778134548015
42.607241832191576
34.42831904322447
28.805532856510585
46.12774007602718
51.034141650574476
151.48994354613745
49.963015812618565
72.95459031550834
91.41385137781883
39.22111007563887
37.11056394309071
29.449332942408148
56.6451784758839
65.19090267333034
29.49574376688034
53.0623282743324
59.62880470278713
43.64528271126212
42.99657762135492
37.38876475412981
54.145021321549045
55.37281802861395
28.250499799501156
49.163530829036425
41.63444246417479
34.96947655496266
59.3718182844436
39.859408449650665
39.27667812262539
90.67506964719117
21.68277924068457
52.129848107241976
39.434212561776455
92.98617609849687
55.00216524243453
35.34372282207486
48.39755843358873
33.980217655168424
60.28442963638692
48.70596265170122
41.14945308965383
48.16633858410376
30.63363635621712
58.255478092112966
67.55876607844434
73.5602696486903
42.63546985789981
28.620377049851946
50.15436391234335
36.47153044395026
33.182932807350625
70.11265439717309
36.929964951451694
33.62146672378751
32.4246850763243
42.17933821946395
48.25768377855099
39.561666254110264
