1.2692799637637444
1.2368419215166089
1.2600352048665902
1.3387327677023935
1.2732878250436466
1.2829057196494267
1.3053161655967194
1.2673433617802332
1.2795545765736607
1.3034988096191373
1.321153510269027
1.2846565179816076
1.3041710336871033
1.2591338842006643
1.3147765561256874
1.2544974209564714
1.2456457962652727
1.2593974083712347
1.2445427826815862
1.2417517020264333
1.274088534448898
1.252144144680666
1.2532012729458253
1.2522614972520267
1.2787724379411316
1.2994300060935258
1.2850326292401737
1.321472046456777
1.3155483613496892
1.2134691927084793
1.2702123906401896
1.311865624710435
1.2193217013500512
1.2756732472821894
1.2549498498623946
1.2670915987988485
1.2522798758860771
1.2772148438371216
1.247560485066746
1.2885336983582947
1.3079679517998861
1.2646285439189235
1.2449942369104225
1.2913591819994927
1.2331321520687266
1.315638595575882
1.336432648932607
1.3042739657800642
1.2843924722122029
1.2286772888508997
1.2555253262522081
1.2749521367618175
1.2543945889819266
1.248993146749066
1.2772178876318818
1.2956134785498565
1.2207814865817412
1.2420434727202243
1.2362921983370336
1.2698281652257968
1.2818883956787375
1.2846197646615107
1.2448736227517079
1.2396982580663305
1.2486853053996432
1.2813490787384891
1.3005974473515813
1.277816595935824
1.2956127776668933
1.2499205456741067
1.2316018959873392
1.31624323243109
1.2700467018968329
1.2930662619695754
1.2361085290013762
1.2472121926092552
1.2249841916616968
1.2227484489534355
1.2824307925461194
1.3378293641536212
1.2395937257988492
1.311481239352849
1.2979968307779686
1.3382031889707477
1.281626446636365
1.2911308483285873
1.2613757832068913
1.2654620166546369
1.290945188908495
1.2730781331240184
1.2714558782568193
1.3206940780105012
1.2282986378313412
1.3108591284531603
1.2613113770576354
1.2484397425087048
1.2273491638376537
1.2445231871233327
1.2413676513841723
1.29057104818304
1.2129790161027463
1.3009698360209858
1.2997529779342833
1.2935937167415361
1.275149587517877
1.2984949531422796
1.2838505020900943
1.2820150353445228
1.3155411231873848
1.2798958602364572
1.2209183907258936
1.3222553335076048
1.314886632585801
1.3010877218376333
1.2757589679249084
1.2568306338947992
1.2878204059771141
1.2657236977510002
1.263457049297918
1.278646154317357
1.2686000956765136
1.2837614218386892
1.2607439191177805
1.2714514576537048
1.2841510909011724
1.2407000375358217
1.2506613176283659
1.2757558220677738
