17.04235858661216
20.600967660916712
23.015711305280355
16.109998620009048
20.085246985857054
11.61346916104113
27.849686178339052
46.1632428045785
13.84774062599264
34.601827646298865
21.591219132400106
18.86283422100294
26.824371670618163
65.28398343793393
48.02099025832528
31.27335531207202
17.995505116257288
19.533524757215098
19.937401289934236
39.941017301914016
12.84080702652794
15.569149489848293
40.770019473525736
27.10271232105379
17.992549467230624
38.795436959705164
39.6339208494898
30.421661877259144
16.600627839733498
22.591870237249758
27.30339530770068
37.71487138537579
38.38714248658268
34.38353926294834
26.664994086807237
16.906031593847295
34.181579718061414
25.458471450485252
23.193609441649663
33.83092478097524
21.52877078201013
35.578077226481724
22.870776025074296
22.91288056526843
21.07690331624299
19.371160172928214
18.91186992797532
44.83538423358274
24.91852633094765
23.7192082981497
47.80599405550672
28.74814824242857
72.8623046236897
21.287866466317745
14.567171616079444
18.033510833354995
20.30217735493674
21.14719586122268
26.390632298213617
29.134439259615895
23.30338740070558
16.039991658823766
31.949281384524557
18.509867252240337
11.399973366149739
13.701793359317472
12.416368958942119
49.38103980361739
36.00638385983669
29.57565765076286
17.887188292627094
17.955687137342
21.351436713218952
26.54897541128703
15.29759239130794
15.536683012318527
10.82756120381082
19.24006698090986
12.835002601671322
37.61932993998412
33.481976613948746
45.980550643536546
21.303951109540925
15.329832735345448
15.661578727835956
27.094968214226935
22.240963551127106
23.438880229178558
27.570419670050132
17.399791810739515
12.067289926629162
16.27246700666204
15.856202472524638
24.34589484450248
10.321852730036118
29.73343510354702
13.020986824452626
61.441217743328984
62.54197503225571
22.02690836354334
16.70723826556151
26.237188458021507
38.336944696183885
29.239257708627044
23.525156809325864
17.864327593104605
17.70562453211305
14.350317373088846
19.099060307808045
35.363728977988366
29.426701806906404
36.0284790570196
32.47994704325359
18.5778184583122
18.15593084972888
20.675062885451812
14.481826255996689
18.20638447481581
14.954065762030371
29.275518361164433
21.117087194373
15.498698726789204
22.491039177398033
17.54426683268492
14.790262755108762
43.90902355440422
53.173458861177885
16.42381239589251
