16.871848681750144
21.109428531402497
22.833882603483723
15.838010097937504
19.89554620626532
11.460069259283351
28.061628850428303
46.31666094074657
14.107222271807109
35.37645100003731
22.22292794998499
19.834971480285652
26.08601291076186
65.14051549939252
46.06176901140897
30.988746064121724
17.41426633338137
19.649795184645157
20.312428712843126
41.77343363558163
13.090475816100554
15.912415031611951
39.94738703747496
26.51372194696604
17.673951220619468
38.18909366134221
40.881844809005415
29.737584581716074
16.446816785787245
22.08602023542733
28.07052768570918
37.81123738716106
38.57467752895146
34.80821486366839
26.822588788577278
17.074624792242435
33.9949617278237
25.168139089690996
23.41505174798364
33.692347657151295
22.14961397219395
35.59247112414412
22.096705879881238
23.21440970003594
21.371525702514685
19.053944819573964
19.70121436554018
46.613735136312805
24.68115733353186
23.536039846268217
47.96009671212682
29.301422827783043
71.92414383077164
21.181399879846715
14.31907089892065
18.10956924565788
20.151334531828464
21.22522620083655
26.128023850987624
29.409786754769733
23.5159516947551
16.279985676589703
31.487403131085255
18.45107822313183
11.520407408025301
14.32585705234411
12.803881087004777
48.922244188160654
36.57708931429464
29.257879628793287
17.688668675709888
18.152367929510586
21.694363068347315
24.408479668712182
15.975604270691358
15.416845067041542
10.790636792020752
19.103031512448133
13.39692397088478
36.71132087758033
33.445996494904435
46.05457652783453
21.248813620748443
15.418840525437684
15.378860133185134
28.063406822000825
22.1788241340099
23.381990150016083
27.210815027197757
18.016602668884822
11.789736553264062
16.847719010184242
15.93320787507242
23.963220874699946
10.215493775475972
29.683834589880348
13.100062719685791
61.31162480684714
61.92712138967812
22.12374413429589
16.816447465996024
26.549522242734366
38.180982917091434
29.52550850496056
23.402867147762755
18.84187173476776
17.876923624594628
14.247131089316715
18.78939256595938
36.533794551990354
29.241434313702506
36.344614303444686
32.662865667646265
18.29548445708283
18.60242322071465
20.743770759309232
14.724375883837546
17.95703770727483
15.055564975770473
28.137118374742204
21.34910280572863
15.224770937907891
22.411718448483512
18.42242029300629
14.973782604409118
44.13059202890486
50.337126236174434
16.559426524167808
