4.448729333034005
4.980171540373599
5.426346529698988
4.310108870287129
5.433538144183582
4.739632297119221
4.22658289947315
5.407712660033279
5.892886009002126
6.511769935975332
4.701573000805403
4.726992792217514
5.470437612422187
5.129975610620098
5.098416900786573
4.9692176009059
4.661989055864906
5.690578181597359
4.453790276421008
5.053819287306866
5.416155234428549
5.264055688393213
5.214035045862292
5.0123809816970635
5.881061308649704
4.4142167495899844
5.178735330187877
4.429857226315775
5.2290151982392965
4.680878066826536
4.619288855603966
4.85351941771039
4.963360891293314
4.44970997244791
6.001692458798271
4.709629763313043
4.596265959836178
4.998852333588804
5.558506229890987
4.898841401916021
5.084289350686693
5.591342419013566
6.821882967792106
6.0517537737502956
5.808158249454268
5.239552737710823
5.675501542471809
4.92619616820131
4.063058701316345
4.922011339524478
4.787353417315682
5.2582894589394815
5.807001470757017
5.476749671159155
5.629703762794372
4.550292371374943
4.977428268296898
4.848782424088274
4.402413122217103
5.182197298273748
5.411299752426712
5.58605568813431
4.311312621948085
5.87832795941327
4.7021754696226905
5.94372919517431
4.479277965859821
4.997484661924892
5.879704037948756
5.264535184666737
5.491274737160217
5.986365716034042
5.182919808758549
4.7344031523061165
5.194628495388784
4.818060185254178
5.669489869802391
5.186501963324759
4.882386556351506
5.038675852340955
5.3006773343255995
6.690325446675465
4.70190496383634
5.344357893912525
4.846263927344483
5.138176029621565
5.660902499430299
4.567006279540045
4.161224746943547
6.39350166926835
5.133169623907582
5.340755297775318
5.372408143579313
5.313876151478879
5.099101099426048
4.839569984676251
5.0749699135714
4.549749782641919
4.358958480190853
5.076850133854919
5.406872056911376
4.720618251569317
7.0364070532310015
5.077139986485634
4.610069378627288
5.288856610677603
6.483745220111353
4.785339490113724
4.958201637153772
4.991284653472126
4.752849717302382
5.245355054419141
5.8318704056930635
5.9020661834117165
4.950313513734346
5.643063040999988
6.164836436240103
6.651409009440275
5.793570298068099
4.628624244072609
4.0874246671022
4.5160012572453825
4.111943645750771
3.9680089052465477
5.54323234532383
5.1243612873126345
7.352919391984592
5.565230364215726
