1.2784442498054418
1.241686542086773
1.2957397023935557
1.2519039508445406
1.2365590944700469
1.3319158984692134
1.2490369018971372
1.2816743996513997
1.31215354296605
1.2997701818959906
1.253502763171406
1.259517086990143
1.2969302672375722
1.3085899919663546
1.3023386186141834
1.2280466386048656
1.245155749578197
1.235271510371226
1.2529148413760074
1.2473720266155093
1.2663360801067203
1.300571115215387
1.2219208474942398
1.240602779218184
1.3055805123356141
1.3549259843959678
1.2473224372404597
1.2674147262690714
1.2554639845221274
1.2468830112002338
1.287646718751886
1.271636575069441
1.2443715683583736
1.2555742563475605
1.2536000789832749
1.2530682364360903
1.2001800205723285
1.2841878567592808
1.2081850599193926
1.2979879244489017
1.2681227143150955
1.2590430803314372
1.3828610163273323
1.200407988590678
1.2433748775369555
1.3147575374895752
1.268640760657329
1.309290239694352
1.338114246294861
1.2738513981963153
1.2169980377423193
1.2941406317321438
1.3024037008674672
1.3450761007223562
1.2421940214865765
1.1961460909145827
1.3221438056155381
1.3259111559944907
1.266781047792577
1.271066130317788
1.169815138927939
1.2477768497002344
1.2865260491968808
1.2556912722167846
1.2981867790697836
1.3193269692341345
1.2744892670046122
1.200835192060647
1.2136301015878974
1.3537838699653209
1.3226926164298887
1.2642977899138255
1.287182345997293
1.3192106352784594
1.2194737326677614
1.239234582612521
1.2369409337311366
1.3148350967929459
1.3103013573124211
1.2760507045830756
1.26611444111436
1.228675640509721
1.2901723613667844
1.2569393847840562
1.3071222371092568
1.2435589793226827
1.2349090697916496
1.2583513869122396
1.3220914726577617
1.2458918102712788
1.27790347668275
1.2635958156417584
1.2289631422900016
1.2227690421497825
1.2453905564082932
1.2217792871280135
1.2381113390260239
1.251965870265521
1.2699454776200663
1.3133257828725633
1.2596624324008798
1.2793844328423951
1.3143499764214306
1.2239806835061915
1.3465996524725297
1.3570793343979473
1.2722167285205774
1.2500840414680787
1.3417893160613004
1.2940098664209594
1.3074610584647433
1.282370101492705
1.3073538035473022
1.2403235373054433
1.2242954258979575
1.2703248175830244
1.2596243420715245
1.3623831631292067
1.3160171516035466
1.2954096140774765
1.24268761881775
1.2791982727029698
1.310258960915238
1.2168828405389231
1.2931567343962642
1.324761853495952
1.2175567130734106
1.2550897545767676
