0.8735546994550303
0.9424374043158759
0.8839333648349041
0.8982292382203146
0.8912163085281202
0.9279298683787883
0.8623643345182876
0.9286290008097375
0.9921726441466853
0.9415723376531737
0.899394958666299
0.8811576304217701
0.9426952495243511
0.8856694288796487
0.9257095829949211
0.874005214947305
0.929563987945725
0.9520332680786262
0.8819175146834758
0.9168543580305419
0.9659167704144555
0.9433820074442768
0.9474873641558316
0.8933878378177679
0.9619864513480887
0.9132806083921515
0.8906572072710895
0.9113973726079604
0.942010839070643
0.8940379091083739
0.9376751943003623
0.8987379598523176
0.9018075017998679
0.8916555389071824
0.9654476152663276
0.9171204252809926
0.8658108619863083
0.9537822698842189
0.9111646310239248
0.9080933601871694
0.9213911021438443
0.9243724953665323
0.9919119743468076
0.895244841528293
0.9565668392306036
0.9157840238503632
0.9138519437934395
0.9290659155427082
0.8773022804333347
0.9387411490710834
0.8905600992471869
0.9322796306005361
0.9369508013746108
0.9485986525323734
0.969472698297329
0.8749655678848408
0.8979548977041993
0.9261282304940561
0.8853218692191694
0.8953406562927849
0.9492610826365445
0.9348909189141843
0.8925383563822311
0.9449241290015763
0.9210757473615075
0.9495793063823139
0.8701157480709225
0.9145128949072601
0.9120537215821155
0.934154877231636
0.9685586768148946
0.9353071478995086
0.9203042943699032
0.9103177526745535
0.9337977466706691
0.9321273781546323
0.9650397022203548
0.9431665002717814
0.9061839890488201
0.9265287711741329
0.9231723257587561
0.9474778530107132
0.8780492555349367
0.9220610399469926
0.9067729789220288
0.8939433612955304
0.9496411406323794
0.8709966899139459
0.8633914389055225
0.9772608099909681
0.9529778897911962
0.9235552483136853
0.9276096710724091
0.9312223884699622
0.9243654778235875
0.9036465559181666
0.9400154174638066
0.8942175247392136
0.9069841703525866
0.9126798512877466
0.9428854108205801
0.8895870472458185
0.8981026184359752
0.8869470152886162
0.8818158914716816
0.9101504217703416
0.9742962266601627
0.9360095385529674
0.9011671833512762
0.9364699020023974
0.8988530229850974
0.9134676536056315
0.8876551234539262
0.9436526453847387
0.9298849417770675
0.9630705296977048
0.9572421525063298
0.9929217456554102
0.9469841231435722
0.9074748279606751
0.8508837360555542
0.9127057915813461
0.8791518421987075
0.8544395611212103
0.9257674645256915
0.8636431558979474
0.963414734158898
0.9530341529088677
