29.246506011461086
34.91619765558397
41.62291246935468
41.44743756290403
44.1321434914961
41.86600306177789
50.86204500917404
162.03173418631212
39.902671594421
43.78738123207967
30.42568166302275
35.15545128899514
35.735024489651096
57.38138640388596
39.73217645111886
43.71042516771569
42.97812065288961
28.578326750341247
39.24058749108331
129.90484097528787
108.66113128877535
79.4028494075068
43.24959909630549
25.054717485365412
22.285290056085415
76.60137342238981
33.78031616820049
53.111845369623374
38.462090185999166
43.260504962395466
96.68616265294004
28.006221141905193
55.55094815180857
30.95704833656712
53.069775104131224
38.5345443169776
26.819087535493175
35.78964278947585
44.34699440539979
51.30034974065374
46.01728837905589
31.275466694999874
70.2071911778043
33.290284010258084
23.53634274193443
38.68523863734675
27.93096097550025
66.45180682490752
85.218747945158
29.078217819245978
25.65629978601207
96.12746484182105
29.166738361404263
39.33170705436336
40.933496813409086
146.5798198539386
127.29400940053586
53.997874143119915
42.38011547392945
34.179088723936914
42.74172694499071
25.30320543743665
40.18798740371306
51.41626885680903
38.38006113098503
36.346083944854016
61.52246059480247
30.66502712974499
48.77210485277589
52.85768720202545
65.87115639408673
27.236205874566245
52.06363455283267
80.5599144250085
38.344949182027094
37.288928423272175
69.9117163767694
67.71771156226079
75.11807870089781
55.64104147702548
23.056607838723
22.495355035029956
55.21217700999403
51.73996323081174
51.55420921735585
34.310702559810686
44.49759612448674
64.21501463582992
88.42600559535073
26.092278038702478
93.23065470420933
66.46772066981555
25.85564133674946
41.22596626048035
73.66449817901793
42.85163875724807
29.779702871029635
56.39740490058671
48.197602761408724
52.77539671610525
28.872278102102285
70.86944728432312
31.357490491029708
83.08750635703518
120.75111362839496
50.537843859536366
44.6374574171588
44.269399800961686
38.1402579508332
32.71446074781331
38.92442701532424
51.24206474741797
38.32606695473895
46.995722065768014
32.80093836079689
34.11635188841234
41.862932430840864
69.43514768809082
35.34705776028435
35.95472914128415
28.495855261011783
77.34184035211702
65.82514540885411
30.026039776815683
39.96388411312379
54.60234863452091
31.49962325232345
25.86892734959104
