20.161580119714806
33.91106356507824
31.022899389942264
25.653635243187153
15.982662225499425
29.036299697229925
23.593778234361487
41.06698902158655
43.58993697468315
28.15229135884291
27.22104240941511
32.12250236109281
165.5481977290683
41.66099550251558
22.31577451648276
32.87178651892021
22.9415370205939
31.491914586860567
30.198122661970636
27.592963155522487
47.847351912094034
49.30391697240322
28.13722691328566
19.58408199243093
41.38734699730688
19.478190445865852
17.55704566026092
20.795908231677156
23.57119057389321
25.388581393441893
21.356745812748265
22.222632032421743
40.12447381935226
29.56263027496268
22.902320533870665
23.39652692366526
27.023056106409694
31.95200641840633
18.630535582286107
20.16774415878337
56.350871860846574
40.740592680699045
111.28924058945593
20.552711399510674
17.800417598844934
43.75748700480936
36.64838622692947
38.85371289449076
20.857901515421577
38.413486013633516
21.627505490380226
26.94354146877339
24.287152751051092
26.560418134654153
25.703741612030726
20.58561825386407
21.35403853030733
24.817152616880318
25.952870039659373
23.276752666695966
29.063395084873708
46.50643557331138
22.3881318828436
28.780596466400773
21.67493805944066
26.63388676868928
28.997408504381397
24.062876794319465
20.59337194624228
40.08753985531036
22.96421984712935
36.73379267490148
22.234894763417213
17.466132038184906
36.885365687497774
26.736342808714046
26.8628949078
29.914302402988834
43.89200406075784
23.366353377046934
20.815624072394677
25.78987294281754
20.66838823732943
19.59592432959441
18.22007515663209
37.88605532052788
46.56443514817864
21.953610646873894
17.20212937742006
25.839406953894684
26.18137937974649
25.055268654292828
26.907360509091053
27.82841638130292
44.60591776505834
44.728883433170836
24.22788472813552
26.08362422173051
17.417704884071817
24.931390212537078
21.89060203862323
47.868482529144885
51.08625049628947
24.399749315711194
20.66777444419721
25.642297306995307
30.441142352593367
24.778169574499174
20.144124300145066
28.312140013781548
46.92102153820421
24.612606828461175
23.118499960620582
45.73927396113382
29.53343517715496
34.93745079755444
31.66111898691859
40.44809430600054
36.2925924141879
19.178686286002876
26.449882955685645
21.218403499426934
22.23107316787863
27.00296916981169
36.66448896917273
30.606795897179467
29.333066978510555
29.881713814356253
