26.243358323545785
41.50252831167141
37.99513440063525
32.28695758452331
23.377033885159996
35.92308816429312
31.19036188487845
49.31154326246468
54.53263316491366
38.8246812523567
33.92899858377558
39.9917374208397
172.2845848817391
50.5130940137884
30.223188553756405
41.994936070349006
30.051376296086545
39.554305871294986
37.18636136406732
37.364130559036916
56.514761533640176
56.10727765497963
35.432374601978694
26.233015633628025
49.52954481752836
26.442815401534677
24.81379023661036
28.21063999624601
31.49032029420843
31.108642304507004
29.38849451030087
30.04140953151701
46.85568279822328
36.71416647736255
31.184572892202397
29.46048436017623
34.55916817250267
38.93730099907872
26.57166537078979
26.8874748916652
62.78934044249436
50.81790343519354
124.65985606194074
29.428723776323675
25.50551462322683
52.24808437925097
47.40813309709967
46.477314827770066
27.147130384843614
44.98351563402709
28.07368930650182
36.68489184211363
32.9169584775552
34.38418683980291
33.9993159590773
27.364872336062675
28.34316167276786
32.68873381063349
34.11393849219204
29.734595302328326
36.65447756640163
54.99186221254957
30.088097428301044
37.959937937940076
28.295976131876785
34.78764031013388
36.078007215061035
29.65975688698455
28.756326866316346
48.13472682067637
32.09206366476973
43.858130121872335
29.63388848844806
23.9075117605324
44.798336255207225
36.94113049249713
35.35428193744276
39.77500878341526
50.44016616719066
31.498361131135926
30.098445029298336
36.205248764664574
26.81071652871588
26.997433609876342
26.169797369552253
45.94506231198458
56.044419036495306
28.070918441790838
23.926490547414286
34.375574830501684
35.13929347824044
32.929663817584654
36.00988296875445
36.00709454442471
51.36717204109129
52.31972431425208
31.57326096819687
31.648048530712817
23.404817518724798
32.28585564778533
31.278119690260105
54.881286562481506
60.5944705428101
30.97241757502354
26.97151635602544
32.92083477582025
40.97082323596059
32.04963664284294
27.359632378197396
34.68199235775112
54.06357430446004
33.55407017048598
31.230058644810438
54.84135744243964
37.110358309077974
44.98854825553141
46.592683211003305
52.41742421460899
45.67604181216281
24.733136942033035
33.6693873219135
27.87899373515682
29.541694030881956
33.80743083174794
45.004840918027156
37.79621336288551
39.75263954062485
38.76833316960389
