5.9943628566744
9.19344516810786
5.923315310960192
6.542100373277206
7.178893904638937
6.241852431043678
7.6979673200365815
6.239202649317635
7.411214447940741
7.643947735944628
8.06477447538887
8.092375483663313
6.997346539124729
7.216462228402678
6.92634064426931
5.856692768182588
7.688623172505665
9.499059002160108
10.476923180508809
8.38765562013307
8.352266870409704
6.607713094470107
5.991937219845937
6.906236340272912
9.601153273094678
4.816312904289809
9.125707887461594
6.687288876174584
12.193231550285802
16.79827375272212
6.579177264612909
7.6628000138182415
7.456724944419815
7.547326570729751
5.634485924642359
6.869438989762816
7.0989754277971855
6.82257121258537
8.722096092733924
6.181441916869062
6.2725850251636075
6.797641419464554
6.367053044199594
8.731588155011302
8.979768211688018
6.725356872912677
7.309185318683056
8.552680537782706
7.651758400715416
8.51459239674756
6.108343789653851
8.044969785681346
8.110505854935909
8.2546486709916
6.623329004210461
10.071466964189312
8.087347123305214
6.8452977008389695
5.331574313292876
8.612128143371422
7.41138500217491
5.333663141181134
8.875962272464122
6.864945023713531
6.253377387091014
6.769623318550565
8.226499150038563
5.570897608778402
5.462736165715356
8.671731488825436
5.205500605429208
9.612593741274956
5.546411709851931
5.5864318890090345
8.38066631395241
8.641140366040638
6.382354228551385
7.6053696930447074
11.368546739050558
9.334144673590245
9.525873686955592
8.276100857604845
5.653401541516487
11.273143134928901
9.053278187373223
6.3600071786463985
7.467303034018499
8.427118608379814
8.276972704407598
6.942028284550403
5.558108063194126
6.519219183749385
6.993676628328856
6.422741000570866
5.967109715458918
6.0016984101624615
6.158085195381375
5.970689831846514
6.323109452217466
6.640855947847356
7.657390657052787
10.933283352774922
7.529001332107768
8.096289885826835
7.293801346927623
6.811089418503627
6.954689111433794
5.682285176296219
6.340590865513292
9.526141639668879
7.956161741599914
9.555009971019047
6.331395581649119
6.131722967310139
6.679791490950848
10.33579518570373
6.651884054052545
9.497337037744003
7.659425973401824
7.033931132010039
8.566619417010187
10.202260587163323
7.481638819071762
11.08433972156213
7.363737920607704
6.383583060204785
5.873032442570761
5.737217324764046
