19.12557562800834
23.483546778921987
27.952506804951692
27.8716035667687
29.670540584955155
28.041502069410733
34.50576065436343
112.44801577942587
26.597803858961502
29.592581943244817
20.13945417754274
23.26662052063016
23.6592505566476
38.74591915190419
26.54038977880866
29.383149146815345
29.016669286217002
18.75177274433014
26.53391317480795
89.92111150114621
76.89532474515735
54.75019964756012
29.357578796720844
16.362278287185873
14.086686040178233
52.341236797724704
22.314207605396028
35.61829669020937
25.970137088896752
29.557932091324687
65.90104432015019
18.35860101834803
37.72932252542076
20.27361946139217
36.229793194175116
25.814480300484206
17.558134818095887
23.68519743144308
29.840101543378815
34.29356584650402
31.25968792673031
20.733013191009814
47.561956816321654
22.17902386426306
15.333406841465742
25.423471397041133
18.57221434909671
43.997441990564425
60.1136550142452
19.187444726541635
16.79972181670115
66.35565511373945
19.00766778041136
26.170385918585474
27.50167277836882
101.27432775759596
90.39544738006833
36.38740776463058
28.826609504776087
22.59419170016068
28.831384213135564
16.535045506788492
26.804786794954154
34.71656157299094
25.58341545715149
23.641320767447965
42.27398409775171
20.29635186384413
33.01405871700811
35.95002888164196
44.61820969726986
17.626815354675884
35.37663257931686
55.17591787715501
25.731953315347376
24.932539522630854
47.97604287385047
46.7794137787307
51.32425811182767
37.73782678523971
14.922664496507622
14.643921386758286
37.52777466299656
34.74221295887544
35.19742572240654
22.989512440098423
29.910946755637376
44.39861796054046
61.168795933636794
16.80838029813483
63.86955001144699
46.295876105404034
16.81946382367066
27.970666137112687
49.85782669437897
29.343438893674204
19.493476941262728
37.95951973268647
33.04321039839341
35.70155219000907
18.88023213711925
48.19119881590224
20.57110702949997
56.54281379386619
83.752367329146
34.26688111812129
30.057216741544963
29.855817177494885
25.180922033805174
21.7864966490246
25.923836311479477
34.33022783520671
25.415637315285466
31.7158262403878
21.851620629226815
22.552040892690798
28.166171105880906
47.79514174483752
23.30686565783168
23.291608279982384
19.59271333810723
52.6956630863078
45.1792683167176
19.560950660164522
27.068741527390785
36.88536024268058
20.868627682957936
17.109754024403102
