4.061830409674878
4.3626456006149485
3.9620918535926015
3.994830808502467
3.5670303549921827
4.654753500315241
4.673405174744561
4.560350005937793
4.556373098424924
4.9391829310424304
4.125408803286092
3.8286319230950188
4.59077450283417
4.802113359109505
4.7517176368442335
4.501530595699233
4.5344852378793465
4.368162680637706
4.345320878552769
4.742996709862258
4.109961533026176
4.101775882143649
5.136619648169976
4.571242985224952
4.017892146027901
5.30031912868693
5.045320617440986
4.333500180678747
4.17851609779666
4.55225275449812
5.283866277618291
4.456464467024382
4.435114751146699
4.222894093911108
4.165314412001212
4.434547505692823
4.536895358435707
4.459590025067595
4.680610391947646
4.202890098517116
4.17974236549901
4.142042225957738
4.64960669585021
4.367211850979729
4.0650651378828755
4.014339175976794
5.925607579900529
4.426185259776474
4.649656576262892
4.695009572579053
4.628891751121252
4.477490469589533
4.394311291946778
3.575780998817116
4.223332672907617
4.091655951135763
4.217123582688281
4.139567910462915
5.890946892594997
4.170885434640667
4.573310497325977
4.825282850962402
4.968443644429804
3.391492243890113
3.9940175646259775
4.128568447505842
4.015900297563135
5.167857792550663
4.977360219020326
4.439645996407982
3.754688463842953
4.729559307551838
4.951122442610199
4.524907048733674
4.184775769081213
4.00063006020217
4.077007238459693
4.940276944950654
3.9105354440161193
4.5958524114873995
5.1663503496253185
4.2221396443620165
4.902222246252364
4.4739670259589275
4.5390446761907555
4.528251585848082
4.237514388387822
4.345897214658734
4.325672975934282
4.649173110335482
3.5891868078490745
4.152231915213392
4.379380063482287
5.060889682558184
4.814373999599468
4.248103459497187
4.310750610450469
3.852824491146336
4.051061011002076
4.403785075003171
4.337733539087736
4.27478861923565
4.250757918179417
4.284943958048373
4.897242151583612
4.411305008031917
4.423243844611193
3.774676749184536
3.8798110912306782
4.483243888967436
3.852636006420056
4.759836568118985
4.902180820094017
4.6070421993241695
4.360184481334784
3.900129483565891
3.973465876973279
4.4465389645049385
3.983977446183715
4.30317976272562
4.079255950653447
4.47314023589729
4.340106918513044
4.231053759982842
4.483524827442196
4.402327571826774
4.8706898533315695
4.455339484648775
