7.1950358706777635
8.848857660531884
9.457789382557877
9.642252101807575
8.73926810919658
11.688936343715515
22.044928970925614
24.57038852192051
26.013033051059892
8.73327536547686
4.951148628748194
8.553746495961065
21.9565432421797
29.263913996814225
27.355854970243634
5.991282195269296
8.847526094263385
6.418353015888899
13.667328532322976
22.729135994581206
30.457225843705597
16.4127237201396
13.89155050023965
13.022119447248322
14.13279746129967
15.39365589758616
8.180401086786407
5.269396148180441
14.661585878655607
41.389062872794014
52.012731401787015
48.85983782031323
24.392672993400907
14.598905933983648
10.393611572099125
21.49868424836837
41.160080452164436
20.306977237928614
5.412875511665746
7.4521507081974185
12.500439221662504
24.227324521012367
36.933859818047594
43.47241918383488
23.400512378155405
13.966068684580101
6.825056236606663
7.1832195570477
23.871200393306324
36.219376452086664
29.15274421800018
15.777999276459695
8.103190356049986
19.589144456104876
28.11451342642001
5.8316350549015326
15.711582496120855
32.28292824235619
49.060555519109855
56.10708981083133
52.4331494278572
37.86713221156242
11.64156455306074
11.166371403151231
15.203968012219676
10.549817532054355
8.362810241126752
8.113326937948962
14.086639573351754
10.909599276158048
17.932766510572655
15.111765945141556
31.473006817348967
26.091940129651086
22.32076809748947
34.894508013755555
35.432227254197215
8.390805123996557
6.024903092194762
6.838956742713599
27.824471377842258
38.127977224236815
12.903084614807177
6.991009731029436
13.57568821876744
15.23827717344551
19.54764433744444
22.022622625824503
35.34118284275729
23.265837312000983
16.61416630662397
10.59263860567384
31.39206219709969
32.96482364190139
29.101054796703508
12.027319909359406
8.235720558424717
6.62441061118858
8.303890289656636
6.149113490164282
4.735135528430845
12.960977444393976
18.330019864402743
9.696504858192569
8.68466813514857
9.89837261840782
21.285003091080625
30.402028203556924
12.069012399224619
16.132359429487863
39.23200538018554
43.2900138048293
34.60281417570607
28.718069843009303
35.87736700454806
13.621198562606708
4.428461738365769
5.744908701626031
23.251202093259252
17.49259077707623
7.747550339674817
28.102024880229834
19.32104435685855
8.16732220576715
15.795752142871322
52.150545909791475
51.97400094638772
61.642656767128855
