6.629837361074827
13.084123481039434
21.325057074997453
25.8000334365691
7.95093763064728
7.802481473899501
8.293599048935114
25.904626810492356
32.702514734421726
26.866784399572175
15.641719706765528
4.81752172521985
11.87319473523285
16.10334979701149
7.798022811076372
12.143632903532872
20.99065770465723
25.584981463178124
25.519678730272794
19.14642854225832
9.088653452538985
20.058503794750965
16.887799201067967
23.209722537401976
36.29718980776764
29.62637754984051
24.07559557923167
16.415367693842107
5.215980150261345
3.924467014839962
10.13135017172209
11.34609657318197
18.832276043026475
8.132215167095808
5.444909959684111
11.919426032438615
8.678036602591881
8.010649957141961
18.020583409706724
28.80533101779475
29.7395861742582
48.05824417410461
53.231276885491916
44.57605574347647
76.59812666586794
72.34568459296186
90.46624779610497
66.6294777350175
73.5343728593842
59.93268029096114
79.35798807514135
77.83862945213642
66.29434075412237
65.2886111704862
77.26096728754575
79.25379718544175
61.80210848667291
69.43042690530342
88.53554074013002
62.575059968157454
58.29470874658775
46.057887543247006
47.06553507742259
40.5108939344979
27.82465814036204
15.720215101273155
8.753800442575084
5.238347226954453
5.702696468393405
21.80949748697092
22.42134516667275
27.084053598289863
26.92119501951202
22.026922768870037
25.583995136662352
19.91625624277671
20.82437031041146
29.893651224827217
29.99987102636537
28.651703141780274
23.445074701213912
14.538163314260146
14.959314084673423
5.07854975021894
4.910238699051661
6.8469697586903635
8.57156619054004
8.352896991705862
12.102051728345486
18.16396343073123
21.66470349347108
35.212861306565685
39.27091864704252
37.447646325180486
40.54998235566697
43.115549201471666
28.15155514717516
7.533051738698475
4.826593024398164
7.206216138891037
7.670306490149727
4.306696795623509
6.625653515043496
19.295665995352593
17.16041869662
23.911849184479763
28.38403545608682
32.18023943795906
38.18499688354186
42.619545897223645
52.08839612512436
40.93452691341355
37.97679583228914
36.67847824863183
40.806984363274125
42.198247090352055
36.41807339015084
40.200980840371926
34.9722574213106
35.735613082739505
35.140493537656866
37.03992689565722
24.876387746144474
20.353754751433783
11.83576355117441
13.701798617017616
9.314864880185368
4.675321179460511
