6.320124397868412
13.044331883163734
15.852042679687228
21.297646748654156
19.577521885766423
13.886629281642076
12.552719479925559
12.553080016175555
12.693676471681066
11.084141961400771
12.620472620019328
12.778057167509964
10.45011444362548
13.749512799427087
14.069841965888102
11.405107698166743
10.644661547303539
14.942929761257641
20.15604109359967
27.20899846935571
22.797705505758362
27.594553561253083
32.566417292473346
32.6179430843911
38.85038707585345
43.33891754254736
32.951745917977306
38.31074920930995
27.06477907970469
25.805292522608262
23.620793455683046
20.582146214427468
14.719741348746915
5.847168676606742
8.848106544997965
10.779917931517126
6.090487658476654
10.54001990630934
11.460626809580756
13.582722057781798
15.996774622356913
16.25074448634912
20.131204276064658
29.19601538517655
26.456094216862226
19.14903063403655
33.21091920105261
24.56078472310501
35.25683685367865
31.36270162807442
27.250695282523665
28.07496317353727
27.978209881536372
23.190635373536793
20.125921533579152
26.65169617160845
28.627335592474765
22.355068625869052
31.515087336957045
24.015646022852913
27.096977725366493
16.62036480250591
9.706582768024298
11.01270730227791
12.062452823048275
20.036846107334377
23.258292506824496
25.1340371689042
22.08192227750706
14.624514997477583
13.61599048750547
12.61995323122462
15.198977837012293
14.884312718647848
12.249694081339705
9.755453596205633
6.376323959649703
3.780075432602459
7.698203305310784
7.1423701633472945
8.619096113663474
11.671196257490749
12.199772495445316
12.820289489759674
11.93831982762481
11.776808192917315
11.998188198056482
9.534879473518444
20.123103389929355
21.446109783727564
15.876199376295148
17.38285435985364
26.00675838941673
21.82643354761862
30.918730817009646
24.183510793955463
29.66146491126706
32.72551438446925
31.257851833689912
42.493900814940105
36.38563341986891
28.805502203480486
38.63838932531246
40.464702811717274
40.53990932326914
49.73442087976284
37.777216205302395
37.21265641277637
39.84076426437521
45.02583395605615
49.398670346790425
73.15841235791464
65.7219869657859
68.77759931273603
64.35692090361296
70.15521739457301
63.973501301905074
70.74510061426709
71.96589932638742
58.95839392451765
59.03448219968544
58.99589746608284
65.48877681548093
59.96164895220704
54.55316653250354
76.48916455289569
48.46774948925544
55.33676367252271
