6.386172691984057
3.231732591428589
6.199457364849395
8.380805118565217
7.575593730999513
8.610911473001334
5.774579719055992
7.8886018402904865
7.043933066743299
3.8621239164050634
6.722055474892944
6.307893402418502
9.133898280236954
7.364438136950978
8.660021654904538
10.682759437940515
9.96315559247053
12.909015137945579
18.1490199396451
11.009981246368518
6.3459598362490794
4.456218410643189
8.239612678830248
5.149913828301969
6.218518551837818
7.840809979634564
6.304250323061208
13.842170667826796
16.25778789688337
10.102949129448458
6.752485325436414
8.726840582371985
5.883638672252836
6.823353194046334
20.73720164360335
23.17142530107501
26.044308061747184
16.700061550875155
17.502217913006277
14.314044384912698
24.00544550778247
15.819295072734327
24.562970668283555
19.66007370985904
27.688407168058234
25.61837882147686
23.125463163276116
22.904322983907996
22.009021597116224
29.09379432662182
21.11449950110704
33.18399279433816
25.223944555114883
17.787623618568084
20.64255639821269
24.63930876868787
20.995912202196138
18.71385247288142
15.569908780085811
32.62372970289355
27.030838090015386
38.60077086472021
29.29923236396364
27.343772612068577
23.815960918935183
9.56494017299407
8.125975428968395
5.238475065065515
5.232714058873064
10.069340379236188
18.35899695240306
21.1144764095257
25.213817111443504
29.263122188594373
26.305438893245316
25.167088537167828
13.628930958292166
14.863024826463246
11.647266597690887
11.329672438028041
3.011025615745055
10.199612252384682
21.494179781982368
19.323437378051466
12.277991373839157
5.833902316175838
9.502121783736513
5.026480301272883
4.792529729761611
5.05788262075076
4.280869830828365
6.789905850120405
7.815260754501878
11.259540634577931
21.2397745419251
16.475908855598945
26.868513781511425
27.76252384138199
29.062505627881734
32.19554481489317
34.96993656229833
38.903472783710384
48.153114056373184
39.33905258652605
44.076743568284584
57.46080410471549
60.586452802741476
51.81183621416618
55.438167740198026
45.67401533822647
46.735879279979585
48.03947409370022
51.94710380672839
39.25123895678202
49.959974758614976
48.16018326066754
45.88644002042125
44.717543017404736
70.50171392468654
50.228422808459456
41.23826008855363
40.12918125033083
34.735354572647665
24.43086550827276
26.118004987050284
12.842409237684379
16.807726993454096
15.805769754607525
