4.942471548365218
3.4590805316309705
6.667335244386854
8.78670991365334
11.126872520960857
10.626555793673274
6.561489447589286
5.389771965162309
8.456378617233485
5.065052784355728
9.145788092597357
9.377272259824856
13.320238836091214
10.828813878874941
8.491236072051908
6.106080743225585
8.070091333120175
12.255221914255637
20.744125014203675
15.764579366167426
6.499803532293454
3.9889282161395183
4.2313373970439585
4.108228287239179
5.075500727451232
5.8791500241210315
5.683588469322327
12.271258444133668
15.248091978369082
9.10331418651742
11.353011425903048
12.524101558642787
4.4252353078030495
9.52910120684762
14.570085336879853
15.683583262546755
9.204766661856151
6.945116568768096
4.2151232317878
5.341133297083317
6.904331105621679
5.32921843957136
9.303873135057014
9.37383113070327
10.682713244972224
12.77909423963203
16.108724460115432
23.0297049940511
23.394764276227733
27.084714109013618
26.224418724452313
28.712395876487427
22.989592408892605
20.245772024961006
16.268685889411074
11.43908845795913
15.338516104385711
15.851872962765981
17.52968769148214
21.65590322131355
25.58019519038782
31.199818639283755
34.63539217579879
34.771722189946324
41.6966294926583
29.243695672702117
31.719253709490673
26.03076329258112
19.745796384325338
16.238139447225812
23.365096788516425
20.064889620979343
12.909805707632074
10.578088148489591
6.923907752517977
5.814172190825545
3.910344661842288
8.467479162155449
9.259330355631498
12.003074944720467
3.3048925373762685
5.999121478155018
4.706790422881205
3.624496544149565
7.069649562975471
6.086078257804182
5.015712909966048
3.8024473166777923
3.32822450711231
6.837697914955683
4.113689617912499
4.591753861889771
7.100429245391254
11.55259449475055
15.675196181640743
15.230386144035705
13.772239039674929
16.247005941594878
18.14016240762568
25.48104300765486
27.06477982621645
30.7408136985173
22.282736854079076
21.923565162074397
24.81819994991639
21.79088884711763
27.00532306480403
31.50565932975904
33.99179859605351
32.65309338604962
32.4457126765531
29.900636124260487
35.88062822112208
30.670379692268895
25.608536749549273
30.039156166075813
31.719617607589484
28.75793613298285
21.773015892349974
14.397569300010716
2.97064951042033
10.227558519146939
10.682968981488031
5.106395711288599
4.0509971759412196
4.94513998531751
3.9417268373853602
6.004820841166378
