24.30339151020378
47.07824344241731
44.33632470279655
20.359029202762347
30.05008986679533
21.41841755885183
30.117852186979917
28.565330153365743
20.77065575726185
35.58245474032178
37.312330324228384
35.707546668745415
32.42380585894222
20.25164812836039
45.58073291490512
23.6254828888939
16.98634261773816
35.338221192245626
31.628321142213537
31.307545625926238
31.910173517337697
29.139004875390842
38.89153300839567
31.329653483812567
60.320351590678214
25.215250071166498
22.998564480612206
39.027657132212774
29.459837103078407
31.434956666004318
19.57886677678314
72.18601539147593
50.503567476799084
26.525340555606178
28.870196079099465
22.094388000486706
15.166863259476816
33.62709843079506
41.87963228909305
17.16942522960784
73.71068669811777
81.29610371602432
52.67119201339102
58.433649889425794
40.01545780970495
19.675669956434547
71.63388168974774
41.391989184326455
55.20440662503127
12.823673618625179
44.22586516682876
60.97323652333421
86.89647700238783
41.42971236266327
38.51988245174529
21.770764796604546
27.704671493539244
44.221465896749166
28.35294243366576
32.01178270587466
18.48364936982648
134.1797268979619
144.7389092687157
50.050015170545464
27.27374977733607
72.29753327196613
51.42156931092136
22.59616129400201
25.650556434140064
21.140944408500943
67.3622122329177
42.42391973436644
51.051850582688715
28.787981397735173
26.491631760399294
42.903551968574206
49.889041145482565
38.6634754492398
41.038047539788046
51.67171138713238
26.72767495821597
23.785640711425962
17.60492552852206
34.991278263677295
25.942751492753715
23.627470022951847
24.546910903459533
20.174700103627714
19.664144399509546
45.80910066623667
31.281946770129238
28.763483674243474
27.372676448848836
14.47577463560961
91.93446787854211
69.38152068080853
20.943055540655493
23.006022565017304
49.033809091540306
29.65303354489437
19.753163547962657
23.900266754102887
26.092121763428864
26.53995326923591
68.27887963397971
17.717984039643227
15.656620153517707
35.95345631858498
41.73694477978228
34.787764810435675
22.49793354651338
27.773178400870023
15.972542769061675
48.04841435736917
35.33043150555825
28.446624490176518
45.22445475405809
26.286473152937987
54.09387847308122
46.54673563813961
20.34135472542249
26.31876066851639
20.13210323606171
16.607025010043657
20.728373846321404
19.947659857762588
25.757018123077813
69.6819597814456
