5.963899309509096
8.426172431846432
8.011122938502856
9.686592382560912
14.20850440693673
4.707074358179027
7.227374416257065
12.057129787358084
11.05200127851932
6.426534939873841
7.727813452738331
15.650059234692698
26.354073246545273
17.735784695305952
17.593994994986843
31.546782048854173
32.172585541858055
19.85348056026173
9.056493449866297
8.410057281087425
4.408825245640514
5.493472011855873
4.717841475467566
12.389651516454563
18.410112599137587
25.502973885221806
26.280017797899273
32.24781019572918
30.549675207254015
24.162034733233256
7.246893180585975
4.735671209952617
8.560024333229428
9.135027855297341
6.13292530867826
6.703780723099538
14.480489907843118
12.854167156802834
10.798405113572663
34.65986687558975
43.44440575382994
17.470045933581257
23.102212355577315
9.723235084701884
13.94104478173503
13.842056218744268
19.67133454745732
6.372904347039324
9.996038214351387
18.269556708247954
20.07770435742821
10.709607437744111
11.630357082772242
4.730445090800572
4.379232886040256
6.159559410320625
7.074153169432066
22.24901858787915
41.89027253375987
40.88785321182816
49.50436344218037
54.52109936139366
57.874798450452296
39.84487719017417
15.810104325529693
32.97524166127212
18.244184342912114
10.953627525055182
9.146365214922952
11.640857929275299
16.36305398676287
26.63431450997387
36.27481091173153
46.045349992597345
32.47168353677572
8.142270939081506
5.592419161495165
5.2333318618363265
4.957918610424578
9.94638280597026
11.006879084528435
13.993999358796572
17.770177265962865
30.68447177606187
38.0240867654033
35.84363287069189
38.67092249659039
48.27391587107937
32.99434281167194
13.806681944638868
14.531650144318647
13.400487224841555
7.2534602727718465
6.39665220044148
4.7933505736813515
9.573088540414048
21.10575686897812
26.63664391763453
38.87674832217607
33.56200458199726
34.72448081315842
23.581007622841938
22.352305468755944
9.203693084163447
6.935698881036103
9.270681831063868
16.003215757017486
23.175073155192266
30.61417825889758
25.61484859394244
6.296466336168436
5.366803773634629
11.173002719875598
20.25016227236611
29.322032308702745
35.24382417600964
52.42403407387857
45.697076964341136
54.72224870778908
57.49193091387359
53.38008215146391
51.486216704250495
39.532926067291555
36.201338355833286
17.52832101560024
5.754808090521237
14.71588167122809
7.616861135074373
