22.54008481184548
122.91787828592393
64.20829936697267
22.69292064857102
42.258341660812086
28.59885632692511
33.57040358340154
23.751138943550032
51.07449118774322
42.78458295318771
37.653754586464636
36.85680227009415
31.72227011216478
28.691908057378924
32.06587032297527
46.17515813816226
32.11988981919376
20.12916470546141
35.79168666531936
25.493956697156374
33.03943025373885
47.85310287700046
46.638265505908365
24.623425590525965
27.510092200629575
24.75503051234768
22.051510676529716
51.472635350441124
36.19725907635679
52.88092837787868
58.57053600161328
41.05785355898898
43.26485415531434
61.49228225283238
55.22977200901981
23.936350193963403
29.081526179999727
38.29906705221077
19.368310324309284
52.91331397318939
24.06434939126317
28.107125680754667
36.67173201458142
20.799774850512406
23.20300580456231
66.07367134565504
47.518702069611265
38.11726347602061
26.254683839102704
34.37311548026958
50.27265247615501
33.273234361710415
34.71397181149376
54.56809536342972
52.48805578465328
46.692861310033976
31.516099488864803
25.213145436516072
29.94439602055889
29.544444934783648
39.09448625136656
43.13124445695131
35.866134978818884
22.630333413955803
36.45297335351452
28.35145466969344
63.20111538475388
30.822690605943066
29.503347158605386
42.86712746380048
68.39862706724736
40.17085872824711
37.51384807941536
22.4554392593067
29.576108429619687
22.163805911252076
20.116184856868053
29.782228564242153
33.41993188185161
22.324419812809715
71.18854994062326
41.26790352221166
37.29676326375266
29.49310742235687
30.397058130280257
41.24673832938974
32.78734254078091
28.49231037122412
32.58751326530782
20.791912603975213
40.28613084373194
60.039533339416224
35.629415957675974
44.299288116448395
25.799018556885486
28.785407384222452
36.652340835291284
41.941997831880045
30.539611740734557
39.86827061912744
35.200999429049716
34.624748480763614
31.625177309022888
25.496732945765345
31.363100352547846
43.63987446580717
42.022861285542035
31.357838489453655
50.453650791154516
52.05355170043286
35.34896812308682
26.654241568098826
59.84002670735458
46.80437255115382
40.576457248479514
103.93434356854439
50.28552909468593
19.125588026894235
50.34952226607302
27.033989671153577
29.779681940810164
34.05335409372513
35.53841893622706
26.886448070001805
35.66559555476496
28.29555908996676
28.01424739388601
31.42906322419229
