12.382246260446069
13.097454482279268
23.959440503996156
32.14438182323918
24.123994310477684
12.954643535475288
48.6992298958324
45.5285228351156
14.714965054843695
17.463581080248062
17.645329783211558
13.753011760562048
20.07187441614257
13.564684212827531
17.76666627126678
32.489939087838465
21.19800750552386
23.2712230863757
27.593359463402734
12.540448377028412
50.44225227330408
77.76395944538581
74.55755573910413
27.683541001169697
35.3925580346948
25.01039618785614
26.834799491852603
24.971583938672243
32.2476780425822
49.39289949636105
33.747574091563976
13.789197159345914
20.011906274304877
11.590348325343918
22.179921079014857
24.91821399091246
21.23483370810657
48.777364475377496
58.88928383073442
47.63991486874992
36.6741818885731
11.863205731055466
19.379254225920512
21.106067825374915
53.27839424600558
28.071086826512584
46.93035798663865
36.96938009505701
21.94263526930859
33.746221232019465
22.70449845876641
33.244530383236665
40.19638241586097
59.37074848702573
26.909934823798373
37.36125533422602
16.08605826303385
20.178127570895477
12.032005560178561
20.421436079499237
22.245387484852856
17.373968585575966
25.403978847116427
25.37888130798879
27.08529784896804
19.144826969841944
14.53400984296917
15.805073157270407
26.494542479856683
14.858292776032101
15.656733617001272
16.05867365526543
19.89191420832247
12.720077022113685
14.673379859422091
26.77026016359146
25.71558754525239
23.25534322651734
23.944156269796736
22.447400481646284
10.303239004207256
27.347796332827215
52.57162344711425
55.602203198475564
68.96963854562857
62.50850020443532
45.30114366631946
19.912608202547133
14.010460458207774
16.80674114248376
17.019997419182232
24.614787098320036
23.03911696207841
14.571412280387065
16.323573098785033
15.476152013479194
31.32512002191602
25.933237327645116
29.00623540206672
16.20900869984017
17.100529779862725
20.761090800064324
24.24659897672953
29.777821918610627
41.07860151662854
16.269729366564633
10.824663941275546
28.066046056075294
29.203510302399962
38.908940431731565
36.22137941197505
20.98683971865394
19.661989396566398
19.10073924286091
13.390677169353879
22.27373368706415
51.43019769723533
49.39156343464161
26.07145094403559
13.40701813677994
19.656243145568908
53.29377179229367
52.708645178452755
44.2139563966537
35.556577397506246
47.058721059162465
75.07574796471842
95.44325689674942
