14.273880177820006
17.09059111434549
18.7333411644118
13.644473386938143
16.470467828890605
10.20285055897509
22.882719080173516
38.12075058938596
11.461330973854512
28.75830790433612
18.104416795386506
15.582569769387458
22.217811636722537
52.68005273354789
40.478972628773725
25.704348881329494
15.138833790995537
16.181419996803804
16.57123546738721
32.98138484370426
10.875468194719538
12.621991973417103
33.733346327858285
22.17776561242319
15.191163615139846
31.982669720802708
31.865921976909814
25.473649354779262
13.833353484112788
18.652061659174098
22.59139770880349
30.949171902702545
31.528036336913736
28.783811022759753
22.571043519305416
13.709748481015833
28.999654382792624
21.160254887325053
19.359528504552994
28.251211448865213
17.830299754709756
29.726035585623407
18.705800356778518
19.26147093542039
17.489540679359465
16.28279392515507
15.509662014241997
36.641356242627225
20.68791722209444
19.29693852703
39.347794551580385
23.75959140219443
60.33653585102345
17.602081329527635
12.306208388367445
15.166452643575717
17.018714672015825
16.640118924023263
22.538425864948536
24.200080676035533
19.27122171841153
13.45276429749817
26.12045586616867
15.842812590049597
9.619759641302736
11.589621215590753
10.384831513301876
40.40049459543158
30.438403081793687
24.713188987735833
15.289779789046321
14.940778923461409
17.470463138847123
22.25191716898481
12.80376770248413
13.231894370637406
9.02608829841732
15.756599253412986
10.750249527076662
30.32315193415053
26.266596035206177
40.242561279113076
17.920164925930337
12.685006983187947
13.156138042573275
22.424565178824807
18.33581746871546
19.49803807763945
22.638190141631725
14.38235785258233
10.224878903406577
13.566251926332967
13.356406740356363
20.166464177125263
8.661022562936395
24.354331569596525
11.225806377738351
48.882436707171436
53.77702653221546
18.254452634539362
13.82485585866182
20.839829540340304
32.85700607288548
24.133947763036375
19.561101046008233
14.865620539161142
14.639242309894158
12.143545750149357
15.997039981021715
29.524472898454846
24.52705126198387
29.832337049878646
27.050453869252067
15.399184214617193
15.046208451754765
17.2660720121349
12.225126070370962
15.11643252024129
12.704508870874648
24.028311658197012
17.581077900981853
12.684849441897015
18.84048603444697
14.554471572498073
12.392552253348057
35.82946298117933
44.108406066115236
13.69298563340891
