16.99690631117929
19.41786546055441
26.298082872969463
15.149472066348535
24.405509842332314
18.33231929961966
14.397139248684033
13.778627406929017
12.213860373202134
25.01998558351427
21.058239806429334
19.30824054233407
10.40518967349779
16.656571928056035
23.989654263763583
9.004768234464068
19.630564080135912
25.019510196806273
13.494339439190243
10.043232023088649
18.084093506199576
20.48290756799124
8.548070323424668
24.13121091200898
21.32107114361128
25.68872968833905
25.373637374668746
27.072494773915597
22.246313234874854
19.82079057770056
16.515757164909544
20.60936416584156
28.76855885812637
14.128926214152091
10.698609346937662
16.487086357416747
34.102264643099566
43.36162010669828
53.67013913711696
55.11714996618318
49.13854610233627
67.15220003877707
69.79153950626264
64.65181714334517
53.17143755696057
38.3054875978607
33.74597797950482
31.181762907388688
10.264793003061428
9.590128207741941
13.720085481484475
28.589968957865075
6.3330935839770675
24.563188096246904
21.570404386651482
24.239904270898386
28.158079354146146
26.775938751197145
23.14405451000483
16.216219733518123
13.958019221112501
12.92302847803429
12.195696261123366
15.212713199543174
15.501498642030356
19.763387595490293
38.961506138792615
34.02404338687918
25.350278667753756
33.13790007984186
13.64834468662692
17.96965452130533
9.772288263527471
20.908284852907144
14.815176038357912
20.793581821644892
19.543205855859362
19.95125041003797
24.939523991893722
24.1414932761041
29.04848180155797
36.153303924267746
40.039337503626015
21.80700822253945
13.139882493769107
10.622872813004264
7.97205295671975
19.89960247615103
33.573271588775256
26.353282707327352
26.6471264296017
33.228373188661436
41.03781532270922
40.03952128614971
38.06042701957669
21.76938236997796
17.516924058161536
20.47195242887912
17.43161895095406
13.977514072574877
18.727158274112824
11.982726881538184
15.114491569919565
17.460753036128082
17.66317370270059
27.549140294489888
69.82517812431126
82.14613771293087
44.38868406953259
25.058768068699862
25.932731493010095
22.209316144531897
9.548941752923568
20.39426990475691
17.568032485162206
48.876775599587575
59.62585009687258
65.02625427441305
44.34563461065153
47.208070207670545
40.91808439596332
45.920389759071114
28.543200719192015
31.609814533801455
56.97929322767865
57.27761870462143
77.8368251923253
87.93097632161829
