2.3433141248888507
3.2789079476001097
5.841476844816583
11.33391765528011
7.602679581700916
9.175351991052693
8.0483189178935
3.465414472639691
2.3534936415937056
2.7926703142531526
4.0777142491947345
2.357784630822758
2.9548376450657052
3.6608072510163456
5.965266705442474
1.691286294039834
2.526131894073435
3.7839885233162427
4.137945892509887
4.017279981729349
7.202874558468654
6.103893119320748
5.627165041654099
16.196379907722747
8.989250766102938
4.73987532896766
5.815532579758351
4.553947089527213
14.826811985796596
11.863440046366705
6.201251499930976
10.0563316520713
13.575438193233904
8.310427753570288
12.44940493393229
5.038539437344063
7.550926955725277
7.671263581570891
1.7130575027884305
4.295691489830958
4.768855768171846
2.3927917716748937
8.023710577325232
9.704224299234724
10.40073867838688
15.740221546685802
8.230561361099305
9.62618778143198
6.261766956019208
6.320544918973354
3.713539408684312
3.324095929476485
3.7767243012302316
8.272320482051299
4.640892730872849
9.886753025140194
5.398339100260081
5.867655456484556
7.060318751802086
8.084449018164648
8.077801398776494
12.214998849466888
6.738277884414373
9.666974262954767
7.752418384122258
6.751379231554878
8.460679336194282
10.933047658790464
6.368491088882195
7.242396341473736
4.457819501380392
4.385232991548186
3.9214380043154193
2.1855875187161473
3.508678720366781
3.553629851001304
4.959189543875112
2.7053914251813183
3.8910502067038806
6.172026061080544
4.874415226776648
7.0010551620387105
6.2132151162864915
8.32010924122136
6.697136136535519
8.266303860044431
2.5106766529673337
9.893532403273056
12.825796287965971
4.822933436075459
7.316804834518663
6.316631339362459
4.530871119692804
3.6314281119407212
4.124099754250736
6.894582335541202
5.428845490524637
5.590789061053002
7.807656221252216
8.740568444467982
12.500813960074908
13.493366216806805
8.942007177868248
10.567139669847833
15.225286578547
5.226496850457579
3.4575878187561386
7.737869550239381
3.6730561376714803
4.500693254563998
8.89676296072578
10.19775194464647
10.141989930054834
6.198080603240257
9.008388221228259
9.390914566262481
9.162942666146833
6.658736103058402
4.553429456037321
14.165691693207918
17.4401000690858
11.21932768939709
11.393816786218864
5.2218267338179345
7.352801519586194
6.777704377240681
12.471455258898132
13.585043069279422
