6.755981816271823
7.472140421311599
9.527859583806777
9.505726557062577
16.397031340189855
22.923044636922324
24.211842694970848
26.27225213610309
12.690109923250148
19.67729519386567
10.833593850398495
9.713959102258125
34.65683300682203
51.227921642751504
50.08157756922061
26.513446549075148
10.225647251224691
9.992129093095263
8.000511621881174
15.87162455961208
10.81913850828142
16.073735002448824
9.828975443753887
8.983338378874368
14.080387483540026
14.947636489139
9.935359664451674
6.229142756735154
11.886550098252364
15.005972058668373
28.02752643916272
25.078593390924382
22.015215142301706
10.774563061403494
16.149990796292492
18.19680394460463
24.102416166114793
14.204019733027728
11.576518404044052
6.982743412474527
30.412104360226373
61.88134813199912
69.84016713496835
72.31040640382898
71.35504963563224
65.50389534650705
31.958517464321332
9.87488891923072
23.828662027416392
23.33705323564753
22.93936806804998
8.110590538839723
12.336158427407895
32.09128651905152
28.57302399206823
6.603874097770664
17.34375304444113
36.59720732452161
43.80655915912862
41.30631254752869
36.90426511043956
19.479487013044483
6.754312519426527
12.424490642172579
18.244281582334466
16.81150852951931
8.044946065214575
10.03182734755913
15.576022977270227
20.310448700634247
20.293136647025896
17.152498356446095
13.54886972554501
20.16044312318396
36.41334955338139
50.938254417512134
60.43805498153025
46.74112727886778
45.32952094761154
35.88117748930324
25.093758800968786
25.841067264277868
7.173156791690161
7.097780020181531
9.469355822985662
10.686565675996476
12.563235225112876
15.87271225326191
41.316174861493536
51.35835002629864
32.96160019313412
15.653788601185866
31.612274589934472
53.579776235907076
43.66801498152206
12.079303150522577
16.957685956286497
10.83096249342725
21.51765005094559
35.675170438999956
13.71431896769893
23.03686911859012
27.985593609006173
31.782882736622852
35.459851328984215
36.30855629171987
48.79816264510259
53.98203710500542
27.733751530157946
13.078252700776815
27.872815551744566
33.191373712537725
13.502712761967771
11.173836372552643
19.335763948326232
12.577640879265772
6.214434995682865
11.54477829463653
21.924362992774505
12.106040570789716
10.278240842761178
23.546958240388733
13.361066981403596
14.312545195318492
11.28738071629796
19.59859878501996
14.637941190010551
17.552899681729514
