12.746599274784376
9.119549836277155
15.932429546500343
15.499448502791974
28.419455115647878
37.824195787872895
35.54104646334684
11.365426335124797
15.13778944628039
9.355950737159839
17.296507256897407
12.859738439891531
36.35915076193558
33.344326340952925
29.440880051259278
31.37754291842717
24.121240623291566
8.296732539781146
11.428182488658596
25.494713221251086
9.60877061521439
5.469146278368715
8.176264166410682
15.320788360136785
12.552399307262405
13.90879286103263
12.911962944087868
13.420420208837033
14.421513386762648
12.513726046460203
8.538782457655486
6.660107104207938
6.6202309651753595
10.473234034242122
9.624961515537223
10.265467695282588
19.319139068607527
12.775164884018732
9.305717489661198
6.2941085930815746
20.490930376739215
27.093207122265298
21.012403132255706
14.505367114601697
9.212418090474777
8.00343003317763
10.497883192638035
24.468964457507084
36.239199480248196
40.2694714896025
46.904915669424646
49.0229629148875
43.86827575605996
50.603555129264045
63.43149206917205
53.37899141538802
39.66855918139175
37.16488035595611
44.74783785770556
33.69633349500641
13.903167709531225
15.613255821276567
15.88361210699722
22.863653304129258
31.57960736163873
42.42234968559205
51.992819950428114
54.9762528917563
59.272594993631294
46.5680375567237
42.087478639299285
34.298336509410504
45.892727856325266
41.625861971617326
17.53282883866452
8.111948881636451
18.057595327517895
24.166044382724927
16.32992892805457
10.892824703584708
25.42462414242975
17.374127301214997
14.531753100108702
8.578959443582093
11.028516222930506
15.903528480990943
14.896472334797153
18.090907831146495
20.739842148472462
10.49964435766401
8.560678399413504
21.10950958577503
23.57560705981585
31.22677452251658
23.54613758342728
29.822385763337437
43.00810572761286
34.95778109662385
32.09257367671732
22.97724997507288
9.884347431624875
9.648775649619779
12.520101310892969
10.602929523431143
5.674467548788812
10.073440517374578
10.220593972587452
9.255689462746389
10.2395663914931
15.540896119394375
9.580280995832624
8.352927239130736
16.958014637633568
16.61595552455897
16.51453151183742
9.304850491961062
13.3650864237583
15.089603360133154
8.834487218484298
6.893799062512642
13.061098310603242
12.770540855909871
10.88581791322305
10.752626666249952
15.859331733275042
23.541733408065525
16.206745590350565
11.631652872185114
