26.611239205857707
18.43375645836759
39.38129336141181
30.17333580536612
31.905223319068064
31.783991103142228
34.43452580053028
19.889980462392646
18.704681293400633
21.177264847082807
42.81459407519435
17.732780059115438
24.294955365841904
27.694963843163066
26.840921213567228
52.875864978888195
49.39073887992092
41.18196602510599
35.6416114834721
28.339118301767435
18.380126797133943
38.0794802974637
32.426715422194334
34.37653552696124
146.08464846784187
134.18982670748102
31.858188649829795
52.74566615448997
19.26629094453477
31.45321875418865
24.087403956034592
45.96685361594763
27.637593462021975
21.87454559074763
34.75882778681766
29.951626954911465
36.06772956486724
26.448837634517282
38.07852341393145
23.58897201474914
55.83982596905011
36.771887336303934
41.417866767385426
51.18000674542856
23.579625488491295
35.2244492153773
19.16218689030601
24.40400404883207
44.952368988437414
35.94493298339457
23.72864868599762
20.52689982111435
20.709208925513366
20.830674094412196
19.40949044756468
28.453635252973143
25.465805637424268
26.581890727736543
25.81807026220673
27.079886944410568
22.312399666831645
26.559250802118562
31.145231129799335
19.05957389778024
36.27834160131469
41.14187537292591
35.424688533471496
25.944748905279376
26.547824728554012
25.27421625472305
22.099573925186363
27.273261309875842
20.59195857283388
37.407465611639104
31.41849819730811
33.781572923946115
24.500627089438233
19.759769059498637
18.23257152573045
27.07596447286869
34.01443406190326
68.34342978063948
47.52218357476917
35.85683198756476
115.14532120479016
87.24312589734447
23.10641105855302
26.6035259889414
19.95069752577126
23.014860676221872
24.67790379356346
58.7626360467588
55.229986511438426
25.728894317260952
40.211766209072124
37.13589137890983
20.503784777617966
24.952351755386033
48.09311421985592
26.350142001292454
24.191137994682265
23.197443848965833
25.661868372353837
34.60346406013616
22.268046374293206
31.979515964925014
29.984016626372565
27.41987670615903
21.710372506026985
34.46209523267646
23.856299484435638
22.36958381678953
15.765491854061551
31.917796039798404
26.320818839824497
27.50079868447216
29.69932253137469
27.661936249482054
24.691122470767112
26.113134573945786
34.93453996012897
26.2452235111044
67.85920833174056
22.991973302648987
17.597448697098287
32.853728833228345
21.21332431100508
41.20968065276678
