22.859717759191543
23.794117482874146
19.04887748075222
26.379303311383982
29.75133680248554
24.755068223282315
84.77655536943426
23.060941859706382
22.315814770647123
24.08739780151911
39.942479594901855
19.811175946304687
25.06086616064069
16.168495210931933
20.528725043467098
18.17040259087932
28.93098907047008
19.314415865108373
24.713928521538765
16.253617529651272
39.659917698159155
53.83915006686746
24.85156399298937
31.97735385851078
24.616141515048103
20.197065889933143
21.096082330974728
19.312514313002698
19.196127779451064
20.848792423113387
31.335142351471152
21.181333242508565
20.301178781004506
22.149547822471373
25.419157301990403
24.684268275731363
16.7615256305411
26.2893795711321
23.335569860026457
27.787455903178397
19.360789864112242
17.01436900428834
23.361516082266313
28.468502891430866
18.146128617604603
21.09262873351237
22.720268048218223
37.213656793195916
21.150549564682436
17.820123602235533
29.21006270120884
31.686928921589505
19.32293891113038
22.73467087402544
20.242054594052632
29.726986956394775
28.45851274374288
26.58115450019254
29.23712549295834
23.05444880782627
20.097633876694722
20.181084267860697
28.014691926047888
24.61716943513931
24.046852435575182
19.578374485156317
19.332084609098295
25.94595058013939
29.63850699382823
24.98201950496022
29.000890988905716
21.245386936821752
28.38769685840527
21.519787973288146
26.699653757124956
27.953812768390108
20.937422461198643
31.69644624741366
21.975248366078546
36.96392963786823
18.06437696069416
23.86321011949012
23.74960905742431
25.59886248026811
37.063809672765856
38.70213584124541
20.03783204182251
29.5191539977815
22.420432235535216
30.368358787142398
22.3173777950136
18.822264154405758
26.25368670758698
18.463016242499407
25.27703498822042
23.041594280943784
27.908790737125784
28.78828081756258
26.591644732936842
28.4865612788942
32.68541660857355
31.81017328614267
22.396363532971392
21.750797069684126
24.28266929653178
25.194153950638352
28.84522433235739
15.870426699697944
23.06467113037769
25.755986085638185
25.689379856010078
38.5615287710918
20.25664953979613
48.92051922824608
19.38057337769061
21.05888714957173
18.444822376794193
27.85044486411806
23.448132824167274
24.63671976066658
20.960442696751954
20.486819543424218
29.310914139693466
25.094518111753857
24.833067866236746
21.589604013783244
22.279452703420034
21.3899319269414
