5.760718177623158
5.636239733830678
3.7262039526633597
8.578351571227607
7.768588268076773
5.325338747461662
5.320860786793808
7.092508861945585
9.312836692261573
13.208523389857824
11.865918424630808
11.320074608948925
22.122504861017347
20.253582348616966
19.033152288263807
14.999707622931165
17.594226966566517
14.810965189094514
9.066390127597012
15.037311742064931
14.31217109323308
24.478787873435344
25.79351978139929
24.17741990732249
29.409377593434723
31.386793147791302
35.990767092301425
33.07781965535428
39.88733846262434
53.848813785992775
46.84082207372629
42.188476494954365
39.20158424057517
32.79775123565973
42.61790250363526
48.21091954578973
26.726678994986415
33.519864996401765
27.823429559714874
32.01387700646271
27.23248462923446
16.676320854064613
16.463613752898674
18.197884399059078
30.049098295339817
25.288554646252223
30.973670745399033
24.21255414867023
21.67113153488927
45.8758839816881
34.259885023564365
26.161196782588284
27.342301130414278
19.9830463002272
21.06534037932031
28.657316670045354
22.3411367921057
43.14668186142865
31.198264771807303
43.10210015427772
27.793026878255986
21.99195657325837
23.60328569602771
14.97248356228976
24.42971221485311
17.11668945253838
13.424139165341956
26.545103554527373
20.20744454731377
43.16626641835936
40.25116826346687
40.715310684790126
37.29071681774999
35.34979649358424
40.77081048916506
35.7894211366513
30.106360761804865
25.16689686446084
22.724325673133528
15.11966473295847
17.890596685687882
12.844491598452862
7.030546805917467
6.955502567042842
6.032673464103993
4.119894347944452
4.88892574568608
10.49682919697716
13.742340499954096
22.32583282184538
25.474633293236707
21.967093050243975
32.64510875336455
34.467349181272496
20.67693730139075
18.84218581279275
33.947024743829346
21.36897301017467
31.049628229378413
33.04808425797634
35.226662753644405
40.29124963524819
23.122481554563635
14.780802295474999
18.44533939217817
21.645804584459853
16.255252885387094
10.908000104845911
13.673821477061736
12.852661935336513
14.030724001177418
7.436316279594237
4.172610584833862
5.913885585754841
4.051540282893313
3.930020347539582
3.8817159133106287
8.224625472741124
16.04645911837953
11.03297472917923
7.6714558892535365
6.915360765662598
6.5967094042208885
5.57467100506841
9.124974635033823
6.702822862607164
6.875177615109422
11.519770519120186
