4.43191380032007
3.7717012463578925
7.4413589391870705
10.86225126678829
11.627795471124658
17.675273743031735
12.300392086114798
12.084694003674418
14.850563874646188
15.50716900077385
17.823360205021118
21.310903483608406
18.181859687593345
16.96438626273998
16.791157260677608
24.332819797498644
23.25478230742216
23.12572698600882
22.55232536555019
20.96459316805668
16.803894230145698
25.685700991296045
16.098146821885905
12.257807233054752
22.074697490935435
21.79905785757144
13.762891393024788
21.860256278308146
15.633534796736118
26.988014150428747
17.567922924127068
14.51014145436292
9.014301730074283
13.46146797021984
9.791750509495134
9.740325587823683
8.452855299872915
2.436185875701966
5.466397700796286
4.383825099791245
14.174313407388773
15.779316308265763
19.127463461192548
22.726031484062638
21.66549060942925
24.4316067379686
25.363940329288916
23.66834053443639
29.026833915884325
20.557947052403293
28.56804361009332
27.177383809281046
23.883779436917763
23.60954654887241
13.50290037797673
10.933198992994122
15.680376317101633
14.907591857728562
11.223261828355348
11.668131023184301
14.401895358004474
15.796048007430329
13.647279764223555
17.68175679749212
14.132876967131487
13.51458342928062
11.981493734847007
11.736006895046621
9.487178910559464
13.85657750227685
12.719264189556831
14.372186498123149
8.359694136110988
16.06268220503228
24.420887341567955
24.489281257230083
12.49201988278707
23.527328117242597
16.96008937232557
14.001688616053144
14.713614316262479
11.069525401904045
10.628920407434919
11.568550832502467
11.85179243463132
10.09889333088806
8.627990150220711
13.400484621281407
13.554059879995364
11.378012254635067
22.532076082838657
18.339159464194964
21.794193202257404
25.591365668605093
22.205411763611636
19.99631474279512
23.8323594545098
18.292744784536936
27.154573963485944
29.123382564194216
25.139080346806395
16.02231567013291
15.449280545342432
15.938963232786975
19.235374651382585
21.19648601003081
40.68218889674999
39.63283807029366
24.823470542008792
25.139251968055333
25.7200320247845
28.151435333328138
23.204328230736834
36.41546556205081
23.169043424979492
25.136156466998884
23.833288173525048
34.73800330182405
52.56613497080534
19.52853255357809
42.15430649262305
27.23515036413825
19.74481295703535
29.76576198585373
22.26536693802531
23.001970831237315
22.734960980558796
29.97687368180857
