4.547720923716845
17.470242192949417
20.847428297979047
13.241429604701375
6.569654833379163
3.387207559279608
9.261307714659214
24.27832782732272
29.73068065495172
19.720738717966736
10.000703690396481
4.757678698327007
9.967670474106628
4.717241857423655
5.320923329083923
14.070605020471396
8.501835633429517
13.547738172428819
12.551167429295033
10.0165422562447
15.349879211285948
23.812291124864192
24.040221714719138
26.931669387293308
29.0651575153998
21.349528875516494
13.18756595147794
7.138935814523727
4.422897196281035
5.3154301692049835
6.806006052223449
4.860668896799119
10.73010622417699
9.567533760362561
4.584976809684164
5.929105517769287
5.224978237003459
7.252222572482641
12.94556606174421
9.27532947887067
8.194802252679143
10.70129755199935
11.326580624221748
13.186842299166258
23.60452897071197
30.66692173364657
34.01341876666305
39.991496840988916
38.21726976097722
33.5812783964642
38.398507392387835
50.39045828830524
54.434803060327624
52.62222149765629
50.229606929807865
30.180023259382118
25.349462051591715
24.07691297782764
21.72529964678676
22.000424930164705
22.800235176617527
13.141028333205895
12.532331442896158
8.823772349950204
5.569126921525118
14.747008337693536
10.901140846246797
5.29712774368312
6.702244172651085
15.998314699790605
23.249677385198304
35.13991937031234
45.622289979205476
55.2634089673519
61.61248739470955
49.17305577388525
46.77992870825589
50.45168649282646
49.88747913343507
40.871743774062
28.73871154714243
38.94115462749991
32.959420455583505
21.60048743592459
16.396976315412843
9.635364815688092
6.272042946314194
4.216481022237893
8.30530989339902
11.860984049803704
15.848801200625715
21.381999071387483
19.259158775651017
19.63747979198513
26.946638704255378
27.48709276164952
10.531783874205246
4.166109060305146
3.7015235606840946
4.267569288189463
3.990460865783433
6.067949099098129
16.081449543227208
25.35349822483785
29.067544604706484
39.08171426414019
38.93387621681735
42.62080964741995
42.34341294962809
57.31552503863081
54.52979293725218
54.58153929821637
65.6477445890407
58.51251052252273
59.792925901286424
62.103764834021504
70.2055189474693
65.52795174397993
67.61724993708165
65.65750687123695
66.84206639517411
58.540231973242584
50.707035416320494
48.49824243869112
45.61075231860242
48.16151308214623
37.31115928891549
23.07973209135143
