2.8356163985775513
3.970402750181294
6.2547662458887325
12.136051877022474
12.03621022561045
16.51395536672351
11.123404923097763
13.473615430522987
7.78682732672177
10.033088661492165
8.96525609598069
4.125189675609951
3.0017600211074456
3.581151493774426
5.560704040493672
4.609402587410955
4.181368379072499
5.286474229999563
7.697371825805355
6.12526535703924
10.168315353308653
7.739296178846455
7.632988662845335
14.022598476206767
7.786212948188513
7.923829414588123
15.33587834005327
19.32542249638198
18.33893679506502
15.302875374515345
12.261096034359184
13.754356982757905
14.912247449125992
12.5851600310008
12.707003539744886
14.39963669365326
8.458628133902202
10.971697938320439
21.451252380231146
13.71630861407764
13.10184969958673
10.59450622668377
8.687545812067839
16.7196608695455
9.89380216586656
19.83357668289817
18.89277036467086
18.054509109347137
6.126658861949757
10.311642808610472
18.547344034305908
12.691187246008724
22.187333713737083
9.105200000776385
12.286538680750802
11.357465054872861
11.289983045824037
12.936132297531955
8.386137714588621
11.75503170761997
11.826120554321157
10.163288686215225
14.777544992214622
14.522393049705393
11.232541324809205
17.643233614195488
19.16440561825796
12.111126964081507
13.656472584001307
20.240032408631322
12.402809926506784
10.89374699855405
10.001842379523026
8.673162477556076
10.812165331771226
17.707747161888896
4.891174884944817
3.8202283345035823
3.590318621565885
8.411393598793197
8.6245463745433
10.230232889111349
7.533658073362886
15.866794481543664
13.289922209266678
15.69378686204665
8.909087680626243
11.057532188889482
13.817655757143982
13.088123991596376
14.590355773886543
22.630115005660457
11.592442350588172
8.985691048796397
9.775576953133083
6.946845175397527
12.739173246225548
11.486374074108895
13.495176615491815
14.602854016282947
11.1348223309504
17.542810790524115
18.580230045428195
18.5432348889818
14.65798581323665
20.661149046867862
13.872920180150146
16.494111303107346
16.629273092081675
10.432176001428388
12.205589475642725
16.46596989074841
12.601900661235774
12.262447276923027
21.595539352941245
16.880747664853132
15.379017070443226
15.625648343130933
15.616619792114733
28.924324634304412
15.313274992251692
14.197798329071375
17.293507670557773
16.626527048876497
10.795647071917642
11.0575735973987
11.759240690692465
9.42923915494508
