0.9035715082404784
0.882060167263805
0.8991020154002631
0.9476765924233215
0.9046287757992788
0.9136081705058743
0.925941491127765
0.8978514338711294
0.9139399097012433
0.9322286010091503
0.941985623668848
0.9116675043354219
0.9219006700686325
0.8995946881901773
0.9379327210742137
0.8954842918337746
0.8953742227408679
0.9019888657781543
0.8932722835915978
0.8830656708068059
0.9090821927725496
0.8907005954545042
0.8930793921358653
0.8946423473394525
0.9137717401345355
0.9261260098971391
0.9181227835923629
0.9454971339935767
0.9356027671055074
0.8719780758956048
0.9055133210860866
0.9289553214710935
0.8783405609434958
0.9131821277786472
0.8925190628968771
0.9081315076088394
0.8883361363943791
0.914566796471167
0.9009141907493543
0.9184428013174148
0.9272663487225188
0.8992467413752046
0.8938276879659206
0.9200795056510032
0.888057142140962
0.9345046567155606
0.9429694511664053
0.9257214148458388
0.9223882190096262
0.8843691595940655
0.8977938511935619
0.9108342546068826
0.8968780337696316
0.8951611976614373
0.9062200429929987
0.9179874463797901
0.8822840120143667
0.8898687491467143
0.8859664398660385
0.9076013450793496
0.9228020824440506
0.9237509776601485
0.890808878157344
0.894229003580584
0.8969623249548917
0.9135387008016522
0.9252441286144517
0.9105746976452593
0.925010825394331
0.8935979713111095
0.8779168316980588
0.9493455103090938
0.9114426743591508
0.9230503775228556
0.8831178590445745
0.8921494725225827
0.8804573878269437
0.8712960037362834
0.9175913294619704
0.94985267993723
0.892975005873069
0.9371103354158734
0.92487755680839
0.9541465603332497
0.9133745474038619
0.920911606958434
0.9052607714142624
0.9085910793315364
0.9170589517914536
0.9120579232134389
0.9084642352120653
0.9347900989876479
0.8828582890242842
0.9273273125256907
0.8964547058699281
0.8963583003080231
0.8902836946195976
0.8960809168846566
0.8925074718397212
0.9272641722276092
0.8693678650925705
0.9308626562572329
0.9256603254637383
0.9222868997177898
0.912749193162071
0.9164040840766035
0.9065023741690368
0.9290312554314113
0.944108844937702
0.9141235648990005
0.8769711037415959
0.9355631858724394
0.9378237225392922
0.926524009196612
0.9145314881624955
0.8997691188909016
0.9200292472363287
0.9041712812925198
0.9039972292872278
0.9163145377442703
0.901432424973521
0.9125499889899515
0.8966407450491829
0.9047012600838542
0.9219432771944582
0.8860604635651015
0.8943754595891278
0.9062813872855742
