14.763289086718961
11.772967271719885
19.32274672816448
22.02471444263012
34.792258334015465
43.46809867387206
39.24416218962884
18.712265833481624
21.20329474923007
11.414460844113757
22.0447847906215
20.58615003207975
42.050536170241905
34.60162404356957
40.559620734059735
47.46879072754946
40.36670699935719
12.375677623743856
19.13464416297713
36.955117451000966
15.216628201709852
8.080403084481905
13.865200081525629
17.268769350315104
16.499522172380033
21.63436462861261
20.249822045114062
18.742802200825857
17.912615183706738
18.261761540892955
10.160773151184816
9.194763765496113
11.850624624579432
16.041205571798518
18.00087174738476
15.612804769662237
25.560259194808992
16.961156297119572
11.791856448661775
10.545754266443275
26.055303572057078
27.761690358870425
20.463851142266485
21.78020235843352
15.69737646814324
15.066760057968004
14.986256786367086
35.791613397808966
42.19661798258547
46.04979005823974
52.15113097258255
49.944527632710546
56.31289707797267
57.97339195928137
68.48011657967493
60.18585172134227
47.47390568548887
45.45739253582391
52.37896692494481
44.21226814731234
19.92914951267717
15.910689622394578
18.729643198804915
31.282098534924735
36.7484241030032
45.93787124141875
58.1674671339086
59.83744207339012
57.42731077263842
59.77216436032885
37.4454438730509
40.63106925448037
50.4308904395359
46.718411154416025
16.777059387295566
11.583690054357369
23.247703815057235
25.190825769365212
18.449292152260284
14.707419936502887
29.045027849090218
20.651555418903058
16.777753248965197
10.68976769192254
13.174269931499893
18.213135399252195
21.321894214629978
20.187353778832673
22.65073010194176
16.59806227239261
15.011563511351298
24.510152293045778
32.38155666732327
35.41825943897126
24.580665035542125
38.98369663315418
48.637793400145654
41.790646246182405
36.337842070234615
32.80879174711845
18.81110093728367
13.730422623902356
18.448582088080244
14.229259015047163
8.493141906266573
15.371303564008926
11.569713261805362
13.96626575561244
13.051756658135474
21.144151488807424
14.4340616789502
13.984471196513212
21.604793329132065
27.75809789328318
22.340699044767703
14.98510897566878
18.390600790326175
18.768460500582066
10.465944009911865
9.207573258433328
26.458777356002926
23.300574831693595
21.3806289185231
16.033631970494696
19.523123430043626
28.116773940432353
14.501226451244548
12.80108817708799
