18.652018450666816
17.327112887520354
29.565971474680527
15.240716001689188
28.4897272965459
21.111433484056008
22.610846125644574
15.20734508641031
21.341600679947142
13.943627814947153
13.894599544942746
48.07612412499479
20.971327652019596
15.223878186959967
30.80150336256795
26.239969507027435
17.17418084559041
19.75312851403597
15.064528237473596
16.190920094616004
46.45551894743049
13.116845721314629
27.8259421448969
17.917205767882468
18.096994401328516
26.902521929208152
21.1166322720986
28.658944690654064
27.175940032738488
43.93799589653125
13.84732955400045
23.041888771981956
22.327733322910948
16.200703701274232
23.924157765816563
20.139330848922285
21.523883692666598
13.506800606188545
13.858571918808096
18.100080648428396
14.424427792348325
16.62570033959399
12.884349471009692
46.80765749002922
15.876644960731134
59.68550535413098
20.86250107885988
13.63176866465107
14.468810315559523
14.700018721390911
22.35203736324818
22.372774053045788
18.513540163088805
25.784843642171424
17.66721817285635
22.71899291863417
27.594513878873762
18.74313968952611
22.433239369216487
22.594048785269337
57.01516585600351
19.654788076651897
52.62036010411628
26.25917924382898
14.31642238024019
24.110254053989806
25.227283244669742
18.89916192723063
16.74339137264495
14.385782852653342
17.241194787187723
22.45004133504888
15.403444763434862
21.58826680659253
64.71318984562225
13.882674480205985
58.02524149738178
26.65349868342753
25.467419533100667
17.151764817363514
16.697622466222
17.783325753567198
18.75342385500663
22.7943015373275
30.717561431675236
18.47537393834166
21.67404415413735
21.280913559709916
13.867959912565084
19.66420937714213
33.82050782008503
12.474410000526902
38.72367686950987
41.00750008127842
20.636579993756797
21.435986714432403
21.555518780213376
16.864123350743924
43.95478743836324
36.17054282146091
16.81166533229515
33.6364861228717
37.61029612585415
17.477884276945716
23.496013810097963
32.54358444314346
35.08101189954294
27.53569457227229
39.253804443308226
25.102694045280685
18.149945882450325
14.1504894959712
29.04074964172736
18.436527000661272
23.11101033305519
13.026822480904542
15.396926085649511
19.559266361667568
11.069305395508664
26.524047610463228
34.315165572143584
27.70552852833704
13.704871603167874
35.03005776303351
40.153149794240704
11.942896825105052
15.897764035968066
34.8039823054596
