7.114061118791711
9.516793070434677
19.66003798855609
25.24204741553697
16.183702558557908
10.27377647632831
42.94237732478677
38.29751205914788
10.108888172159977
11.936068090746627
13.446436755365122
9.406156911314127
14.514011986339513
8.082251210593414
13.446261078460369
26.55305991504355
16.3948891018526
17.173397370448562
19.15321794957126
9.27963090825929
46.14672624611275
71.07528676939866
68.42947249106965
20.916703191776026
23.58285763153196
15.524979303444852
22.21372247322971
17.588449044919447
26.97048018448137
42.55643585332865
28.191876061742022
9.589401580799553
17.527895055926887
9.038386706386852
17.943235838952237
18.722817501735996
16.854656424364485
43.67580198544676
53.58959113019901
40.60534921845739
25.467413032623327
7.135468405935846
10.07796074949107
14.217973739187393
46.33726244389609
24.30769439715999
42.596025412920774
27.87365906602232
13.894324224856874
28.596410244972773
18.375594043144524
29.884238172814513
35.88420381035204
51.390099875054005
20.40600211546738
30.532094632141145
12.338274567260207
15.956702413796002
8.879606645159697
17.01520178178211
16.912599541574956
13.836806088361044
15.44298975065896
16.095420435870032
19.73232918651326
15.527451421217584
8.896901394875194
8.411412849673233
16.63272156211916
9.16154896942512
11.190272067782253
8.558038329148403
14.9092934339524
9.349128901764168
8.879061360835365
16.601599013846297
22.051869210178623
15.112037479128745
15.046821094345916
18.016978942794083
7.887882712814459
25.135591216380547
48.32860510284267
52.25723032244218
65.51691596143897
55.33120300953982
31.806884493981798
8.41023047288327
10.608363805147363
13.477723087147808
11.652841352174619
16.148443416378157
12.05114501314192
10.28539917330572
10.327445520397006
12.260709506454916
23.957495118071876
20.194094439366708
19.16091695616521
11.926956999887693
12.581523701961913
12.552741957885473
16.828026871925317
21.111082432594998
36.1779818908676
11.442182331170997
7.936027312521787
23.561682586724345
24.319910821784248
30.66218790594523
27.744623196849588
14.514456264682025
12.867891636111068
13.160539924692173
9.703979140901438
16.23452761007877
34.22547619966724
39.50140227708408
17.07038299419486
8.77678202454804
14.675819403162194
47.50642243320503
47.201314326390275
35.81824684531158
31.962200750443884
39.99476184255866
69.68587870897908
91.08018905855405
