19.13031733734003
16.96572628614382
17.75459328407571
29.02452465008816
18.107930519463466
20.98938460753288
15.211891289407372
38.64863503878433
52.652925080505995
19.79386697925762
29.785305992383233
20.618824309279667
16.82692633283688
20.073829980576868
27.11824504824951
17.51151946165966
26.418796192269394
26.48650392387985
20.59798192783815
22.36395282804064
30.05336355551076
20.451564948417648
18.935958399373433
24.123429992413367
28.554790275211428
17.35371574648123
18.529951132236885
29.759456669770113
26.357936703318313
25.589745373589054
35.8152557942502
18.52416463641658
27.796665497755544
22.75303859304638
17.89945404038268
34.59350744354195
25.195754495298296
22.783344947441602
23.760801021756514
21.39450961716522
18.91174082792545
30.842573776676325
18.930473632247924
17.944112680734932
28.896413510793536
18.707498022904893
28.421498172713527
23.15641700271709
15.976601544595361
20.282126560480854
15.848751221167063
18.664448843078283
22.297867827041486
21.59610319393056
25.669995201712474
21.777467419502607
20.940479172162007
33.85587497839276
20.216600953190756
38.068414981309786
31.347913898835287
72.42871975708826
19.304467298398905
23.412175855441156
31.441588883621158
31.370755818636724
21.91894680751374
20.307402076695098
18.660749952580197
22.192930500555946
13.78751833025536
18.246794108754692
15.593635681589262
19.14217266893995
21.498254846288702
20.81979727571575
18.765021539982563
20.813327864281717
27.912640643090597
16.146121779163963
24.04120546622896
21.105936600742396
18.026942122674413
25.872074871487442
18.85788201444467
21.236508902524932
15.71373746249786
38.5799708955968
26.69797322334972
18.96045171138624
20.23120152036489
22.82115749169226
19.601742302590807
18.023174194825515
29.044679860425774
73.39313721816504
18.520384330345408
14.82258637386579
17.876812782904878
18.437646736792104
36.39296682396086
22.376544731386872
20.55668393630755
15.970852406668541
37.15748215704316
25.83585945999468
23.88758911783782
14.520739370054443
16.319087226409096
48.80532328081949
27.114992224039554
13.478246786120508
23.13739051029451
21.519870902704483
30.454361266873363
31.832105850657328
23.1741571061916
23.20032087744812
19.23620705264844
15.97623342665095
18.67881911213587
25.832343668582524
16.784322586834293
17.853834722645757
20.6104415307492
15.622788083372768
22.751399366185396
17.650111923166264
