12.756878241044442
12.59628351211477
20.850611431349222
22.656285624420633
23.502467416768106
19.897590377200093
20.22830916293497
36.03742019694812
24.302524691033366
25.666963112781126
25.282528242695925
25.252448184589763
32.41563992490722
13.67049460775572
35.343542854685325
35.58341599836514
94.80412999318494
97.96405375026916
59.04079695086274
38.3159675930501
17.50465883299333
24.452625551128975
16.53642541048778
19.43148327156509
15.902001591185108
21.254993963744617
74.76867829033324
38.14011555508834
31.440898538586886
18.954312928945498
34.29797733781177
85.9970066323724
100.37157883580934
66.04995534206296
62.0470890125128
28.746874893173135
20.464430716571044
24.44501496377321
25.6838005918568
37.31046349804534
13.148008429063406
26.06186798754013
62.017552544277734
14.171561023693343
43.76597323454965
37.35354554886976
47.59071310802673
16.993965585550697
24.671277857561286
58.72266392138293
36.990256248585716
26.0503247293044
25.087253111599026
12.93826949302214
30.04805525567246
55.45571291328984
36.19770824519145
17.364637539452737
17.74331348731259
19.278944442115964
13.329922437394217
35.5795607159389
22.80042044005136
58.38125850055918
26.05302109646862
14.734294228067654
19.340904459742696
45.939486168848575
22.860208207304012
23.81477366184825
27.657702291099078
20.22732526623045
16.35050177438763
70.94492195563038
31.510221914765282
32.360230930611756
72.1507294333831
21.068701226620902
31.16426719704613
64.51217934640772
100.91340174206337
89.70326756031326
41.6031573310628
31.21792820850012
14.800687762582015
92.81117641110234
28.322028940749817
17.17761511478907
14.684183858697779
23.888821546333183
36.076717276798306
18.04879325980943
22.662432707130193
90.7876146117619
133.70381612437797
112.31237207692092
31.790988872479062
60.90939695163881
70.64271354336023
56.13356027007008
22.241291339641492
74.23607790837204
35.91135771055525
15.850860986702997
13.622875684559148
26.337279076926464
56.200361853000445
18.87408072281778
13.476304363462617
16.468735583171764
21.963193533285647
46.2854099060627
19.74864157326205
21.68071656618602
31.46256337384189
21.176793032542747
24.91840406770109
18.701051397604616
26.623152623372107
28.477317323856397
24.05171401641428
27.941045389641445
28.952642970005897
31.00324770410664
24.988756731127197
69.63803647288533
51.73007732603426
37.031142981644535
