18.169353838112468
21.26255466405019
35.6278327020231
12.347732263911572
16.060654573730783
17.604327115323013
17.3249577071365
21.00813869387799
28.555878595390908
25.2366772822594
23.40570248531977
30.564341484648118
28.384826837846155
15.553661432078187
21.143745442080697
22.47428653792965
19.15233670050616
41.62998094421596
37.106542539536875
36.21338460947398
19.166748444281243
20.475575428439377
14.896212814251424
21.885579329138398
31.203668471175796
49.57039289502853
23.44354125958709
17.336999758214176
13.695603566362195
19.68817297576615
13.276357472787396
14.689893559147936
11.83498658601389
30.45560373862412
66.08368834386481
68.75616068920556
33.79424769642846
36.3340854721516
33.280917664701164
29.011744785319422
36.903667861754364
44.7118589478923
22.967728389458017
31.443591268197785
29.151418047596856
53.24370504200488
62.365580695232104
37.0778292206509
9.716923484688756
13.28130854316531
13.349918921850723
20.79181110295601
47.774871867558815
41.54019153206675
18.487742124925866
14.187802560781527
13.908199615623154
18.680465959869487
8.24248555652376
16.658946428261174
15.908213638022715
19.83151920349448
12.695148435969934
16.129602419289775
27.468039552831712
21.882402523930928
43.73801837670076
64.6353093387292
38.95960682156484
13.106647352285684
26.604618005568568
40.27412060122352
34.49565597855955
15.478369886222566
19.71799642195777
12.346535617698606
19.064678856444523
13.67439863835078
16.126839703071568
10.477244722750399
9.731397726195368
19.048144517177406
12.241034301146954
15.042587268527171
10.247818968093824
20.606570177782118
17.620684115965773
16.249047227286653
12.564388608114925
12.11863720217599
11.118142509970951
14.448088488924341
43.268469086386546
19.516103767955883
12.720919163520009
20.434746903555137
15.718493247662792
20.826477353047324
9.865963541819113
16.486204487743095
17.685707308146533
26.847122543480495
17.60212264274493
25.473080752165856
14.901538608330412
9.370109133823306
36.19026129264168
25.638323998072366
12.120481812702465
27.664096482288755
18.08189238070507
32.60012347967367
20.63064790241866
24.087787674843767
18.501221181905223
12.073850980976786
16.786769141099768
26.650681882480853
13.911807515554358
13.375658496493116
26.36656424068842
15.219194543660734
13.234018024767934
36.301368180691526
18.796025945269548
15.242409019678774
9.092312587858075
15.124792561592955
