7.87546269501349
10.805142928064576
14.061259731920183
12.39187515306456
11.57827513934902
12.039522925974548
14.971490675703556
15.334940834478607
15.908934871704126
19.85474300558607
10.328409562458814
8.50153704521333
8.335211955712598
12.915069046660424
17.03950306275778
11.896227308140997
7.545996884430693
25.310095485463947
27.089952412095982
17.65452440967425
23.090204782229428
24.720460397923468
34.36190266566577
31.902386994485706
33.07551956045859
30.668935224214007
27.480405232534252
25.14102035964383
27.873767641705044
30.91611882098781
36.395382165135814
45.6039055812341
32.524144117963516
14.137181454408037
11.52107407255733
25.430028075171386
29.872669313835594
32.12303920017203
26.835637078715205
20.548181170998383
7.790779828843263
22.6875721093285
16.819367959537132
9.455704166924406
6.5206890297780475
8.716210093672572
10.637423019743778
21.0094020759746
27.65417569839296
34.51052389516825
38.79893742578271
44.973741528177186
53.07911400265344
68.9037038474646
62.33570041470232
59.33794235431778
54.18791277327073
47.35655840874576
51.46728385336537
62.63545905198029
40.42152198771526
52.01720056429145
36.23418687785632
19.908059163699612
19.469986114621918
15.059530168778629
11.278825695471717
12.009488368885698
11.334624807010393
15.153840683438453
20.161957022833867
13.25146757770888
10.368708698213247
17.31094475618368
11.983963220700034
6.563564160597963
5.587056614885782
19.552275321817845
35.69938846783023
32.64274740175573
33.60801207859876
19.95239883743851
6.631570243976043
8.970226700134816
19.665585232022607
15.03307276824333
18.042171335851506
19.25960106942688
15.658984678982819
13.877909608157381
7.140290710050664
19.645258238828248
18.5546532056716
14.617731953992646
9.519399529225154
11.009866159587872
10.93854107925381
23.70916269945303
16.89435645210149
21.341003925606856
22.70408146195743
24.110506495743905
24.505718163968083
16.371625051055958
26.986851323722632
17.434401018936853
16.599442260515346
6.1357716456577265
9.143471325430284
7.516374972750029
15.470180643878848
9.230980511728532
8.218768670066822
9.706435433903152
13.095779536776135
24.491763723902395
24.775313917423134
19.979780951056043
19.539114932859007
22.326373004147527
28.280164193979587
36.33348229782003
32.26006782624914
32.235580733466975
37.92833157260242
42.83136612574707
33.80817032160225
16.24234963124026
