20.421980034047078
20.061475255736273
23.112469876696146
44.18157813280373
158.09409567008495
81.0404484718619
97.60736374382182
37.428720059059
40.90899964088828
53.88305000701256
31.082166174904373
23.134199915840362
60.65408710725048
17.008202879009566
25.786755444235652
36.129930751907715
31.644127198936275
32.761767388265675
31.92074849001639
20.392271722279098
47.34607127156001
65.27541320745917
30.910134620402125
36.551321567356005
30.595826147734048
36.03449506232726
25.097110735343296
33.414282373212174
23.726723857773287
29.61291584803808
59.317850169794625
45.161016663673855
29.053952383510826
49.92140754200838
26.871304822488895
40.946768067302614
17.464913786246008
83.03845962664629
54.18275149180454
43.08686808640996
58.77160045793296
20.94383770279616
29.48270532367313
23.203921780356744
19.801583740123814
33.99619243054689
64.85380122564857
35.825166982040564
34.64783860343135
19.608967958737615
29.281552205994693
19.04694849488108
18.56186449532069
31.53829021833144
21.498287021742733
21.382778394471742
26.327019680356855
69.88681881795537
243.55421443716813
260.96463992074587
34.73326178977301
30.343310969056724
41.83892113548871
44.186829037153316
36.75660763833284
34.253946900693535
23.176122465825593
27.14586055796135
22.649525638697106
43.28497210545249
24.465885536858124
26.99350404183354
25.926866989114963
32.11606160120951
33.747248932895005
28.74206944684478
24.86617848842228
29.939327182702804
38.66391064299803
36.18893940278015
27.240646861556783
22.238388625784737
25.098235646723687
32.386675057209224
99.08828007166471
58.324040331033615
25.187722813323298
55.28611213840139
27.759887643225362
58.33078861760674
71.99986385032778
27.17956396882316
36.076796586517844
30.51427122296755
101.30156660268379
133.32063253708972
76.25061886026779
43.13803893049783
20.279401603796245
31.482797004713547
35.944840703747246
37.73694594554307
44.33195514820041
42.06048606417072
31.3531808686229
23.682006961217496
34.14821067036799
19.818297001252446
27.573579725795952
31.109971961054526
18.567133202608133
44.86260720917056
20.093727335158448
45.0543109931608
24.015654358299827
26.116414241432736
32.82259608226222
29.814851676576467
28.432371827273855
33.18801270949987
36.85795821450179
40.96766449533757
32.48451639765969
47.49482775396072
27.991071364507008
18.28393612609385
23.10978788962865
90.95076593488302
