28.649906207750803
29.503430171283306
25.107330068698307
32.9266763503651
38.63835867256661
30.815714510938303
91.21958249491067
30.19344181767641
28.555648448624684
31.04601565701628
46.302396704542005
25.59256641075167
31.288212619735987
22.350752180115848
26.236413392944527
24.769113874132444
34.69741360324787
25.298719054584815
30.799873826431803
22.392233036884
46.43421985121917
63.024596037407264
31.601524510578848
39.57663460417034
29.974848188538093
26.913478569034524
27.912863917937454
25.599587759982153
25.376226354539153
27.04137895639241
38.00773627640573
28.218545623524623
26.465964884859737
27.440393372107064
32.22330441243699
31.3838006162068
22.601834603633908
33.7686809565425
30.883018430037026
33.88261299382973
27.470897433348654
22.73409482281604
30.044017051803486
34.96460811374244
24.56350755221944
28.059057251319054
29.855833586885566
43.193735756945124
26.574877731384333
23.45047638161175
36.04868180408108
38.450920475598565
24.99675741438262
30.048472815148763
25.93377594461009
36.40260365148354
35.617950128575536
33.844480975656275
40.19585888867374
29.23467972773934
25.947924414369425
26.078642982529836
34.42755235127303
32.59682869574541
30.57672501724923
25.908677045288442
25.952420884602027
33.18908332876792
36.358147231030685
33.5649510951655
35.66275070445523
27.915524367349597
34.24383287975947
28.16687916321939
34.84194215898809
36.01806923378046
27.30918442903824
37.46901423904569
28.68917764131959
44.32057904800736
25.03415375174015
29.3831763869034
30.190785132645374
31.229218068239476
44.99753548362044
47.83067081178275
26.20363544557013
38.16265804976783
28.590603808729853
37.43908006241365
28.305876436034538
25.64337182878566
33.54319424600175
24.303383354395763
33.89340662937852
29.70115189015648
35.50512864251813
35.624963946755
33.236743055641966
35.44321943463508
39.48402452407656
38.020137752563244
28.789021737760322
29.374341482249392
31.629567982316857
32.207265494737655
36.65429175735882
22.110947618105428
30.303930360970412
32.58906563103574
32.45225197580574
45.5690899770226
26.596124130202014
57.192308283344516
25.47572430342288
26.53267937528986
24.686327432226534
34.225951975278264
29.67118756836929
30.87290909838505
27.52474279492776
27.2099438926151
36.05592365906857
32.45328402986122
30.215645518903784
26.419481656249005
28.69865384551703
27.728592717085462
