21.180735509069393
17.34725307542768
53.858810371090584
18.639434212578777
49.82314499771088
31.57441261738075
24.95010474150267
28.23222436115948
47.15834197207044
17.838153412481013
23.8648225632109
33.31257193087625
16.284503207463658
16.273952950916513
15.14378114735952
20.312870145584494
33.178163416192675
18.534819887494095
24.439991484976797
63.194338827404835
35.05594040181475
28.971637088419236
23.44015151956234
20.876678376147243
29.909130986901086
16.07390281007993
27.12937144384069
20.86730653868034
43.953616751379855
55.9948196866783
10.919473634818441
19.477334815857972
15.170737826223977
29.42455020459806
22.182363216689986
18.978953511793403
54.86051143887451
25.945712177096745
21.49345081650004
35.30686660029915
23.96037498339907
39.27794473328346
12.813520332580367
17.549523649681547
19.98763001467801
15.76491615369551
16.445727691122038
45.63845474602583
13.818837464783641
41.11538702538274
21.203604555364365
16.99275658581208
13.478931733910898
15.868657237864753
33.416041630904594
20.347013013810745
16.790268407237228
18.960205626275
25.779099612835246
22.678728263369244
28.41227389640482
56.84533121036326
54.8387384743524
12.522517350080292
25.275934564014868
17.162754000603748
36.54813733438595
28.210406498709418
20.46331207934587
23.232291029593398
28.583189009687942
17.319605961132524
49.896529891143345
74.59654660718908
33.48808151443153
25.641486257048342
27.448463571651097
28.76448579434625
37.230016295763534
22.670819905220654
65.94166537107945
89.17075192570006
78.21279476153398
19.796600041665968
22.648490527610065
26.46898809704375
17.510223553082724
14.457634451819715
18.42766113206666
16.87944900681798
20.181128668306272
16.08746770999926
16.082175975687306
22.950059702943022
13.030706521610014
29.82913076736554
20.803802385801504
21.35769246044383
17.948883209557593
23.98611852438276
16.643530817640595
18.958931175698027
20.17419310806291
24.1181421797682
55.53075829842942
21.497207649525905
23.135410416794755
20.95509326422291
28.77924500870381
27.154935388542228
44.30233930313226
17.780695220379798
33.00232344421826
28.992079442128357
9.142533154364074
20.907845150780574
26.747295687100788
19.35911721289284
12.325989177572978
18.354749510796978
22.73809392810996
45.849606886586926
37.27825694740709
19.83005540064083
17.022520594958053
23.22251412031703
31.550202520825408
9.149009396649205
