11.523226820577143
8.328364876299412
11.801960446540402
11.111612816028654
11.803367375994227
12.431064149132322
13.683300848494452
11.196550326984296
23.463406162028516
16.080179928588638
7.699638820382811
20.227212488780534
28.7697619894498
18.807547358408357
14.207468787440519
10.887157202910647
14.62278765574175
19.704710917376335
11.53173746417331
12.999225205579005
12.952676803337734
11.4532854825279
14.861913871230787
20.723260927781087
12.765090627820321
11.880979331721587
11.352318482336216
12.35642880776712
17.945733369733645
26.451437611406224
12.880107414884655
12.300472475902787
23.790905661539636
13.255287787613607
8.883037376928986
9.093476217423099
9.915315848536011
16.590467690995503
33.120980533072
9.5578197822027
21.874554005063878
12.337531856700842
13.9241599835239
14.470818400680322
45.52823599673678
18.013413420171226
11.095866548928065
13.416471857370418
15.870213569763195
22.315020540030652
14.918108051014976
12.35052649425991
21.83447164773615
22.271587898506418
14.216358343436838
20.513413843719306
17.624983215374357
29.591161351847923
18.25513431372174
26.414873391486836
27.014816089644995
14.230205242342052
18.456651343338166
17.469959717485906
15.580458883222896
13.418605744437862
22.194610528215073
7.731045204912917
11.233931235753829
19.133883038167518
8.49317050163959
11.03816665547717
19.464036400305076
9.542438360952673
18.356564899543763
16.59047194044127
8.996851388853777
14.508198241075931
39.387132418069555
20.791407888953827
13.918512794564464
18.583167076902242
15.919915903192958
18.11286489956791
14.156026346666636
16.89677564430137
14.444444821908107
18.25708791681356
13.665056014388753
9.662423237847719
13.704945167666708
8.664932357362787
17.77609199383879
10.937780727883819
9.172970616856261
11.365173492747147
19.139947242075536
15.836381804290085
19.53128008962247
22.166098914721616
21.33579387746059
20.55436095469497
13.898219354537304
24.115778108473137
21.01021350561018
13.761698748583953
17.161717257520024
13.342835340585964
12.841508994776262
21.99641652089717
26.96310802468959
20.857001599998085
10.973876917471927
14.903343790040083
15.223551257796899
13.003642451592327
14.275143166068673
16.48181475815845
9.872207375932632
11.413891097754828
16.727384099912882
38.93606426944329
56.72913377842369
71.26325390727376
43.79542078302431
13.399130257478177
8.696192303869367
9.17786123570896
