12.739850371362667
28.051911163617667
18.539318922976484
47.113876365474006
16.08927306754588
15.699170771886802
16.81827931448505
25.128302679552622
22.23461529594978
20.066903920215573
64.10310585934495
51.120548370136916
30.201477111275473
25.903191715262423
40.82028876947163
23.768385625454947
15.801127299824397
23.54906753496366
35.00609909174203
53.26459934974217
24.268693809814284
20.242661025647713
40.67474053625908
41.94986904084783
27.844428250664027
27.974514421001537
49.78356545144335
32.1355950790122
18.132092916964663
16.2267208198389
19.80967803521441
25.39143007755261
23.11506240940499
15.169541500119788
20.676417627944392
15.857703636133351
16.305995615218077
20.721820011506775
24.485465385884865
23.19577837572151
18.825517668517236
54.086913322794906
65.73906937503195
32.6068759344333
15.408600800345766
20.817392258751134
18.805264621232737
15.899862556132113
28.62917867478057
22.607622050953445
18.930810289963524
27.01221044767008
28.674165441596585
19.44535499867542
34.056225367065764
28.604109565314495
19.381364319713654
17.832205428209015
50.41088056593847
19.739234540407764
36.47500746893129
48.46130078755323
41.307649228334355
85.25950243073392
80.9869446361773
36.78498648736373
42.67746950422782
37.11355489191483
25.815993045241264
49.20833340744072
57.54873276225069
32.154804885491316
47.05895540977575
30.426530879635592
32.645125785901385
32.435833858575656
24.881802338515023
23.213450846629257
30.05668261628047
35.204537405645
22.115633749091927
16.752174881598236
17.569052341100388
17.083646216745223
22.601917408874854
16.678726761882587
46.27661988878822
66.76065713030913
24.546448444347803
44.84164497513589
46.57795150821711
13.74081676107653
25.782584504731474
56.28217069845596
40.1561937175896
15.285193187067932
45.08461269780214
115.59355949126602
195.67771540780802
227.98270627449133
186.29188196161527
125.9328108837959
119.55054655605315
104.98406742845981
60.90586100154965
28.018961874884326
18.254868359465505
20.2530633634197
34.48317642095233
45.743965199793394
91.44340536052738
39.31211763668675
23.482636607824872
15.347550722455892
20.93165393373002
17.303322514128297
25.17798969668185
30.215935099340086
44.89998467063418
25.518965550098486
13.798816125344388
15.129108755543797
38.136310929925344
29.28538001332484
22.783561651694257
71.46069311750033
67.5105962877501
22.11256340684581
