8.021946765604824
9.550020742182726
10.214102226456047
23.307658746423062
17.373154208268375
6.752447562354629
25.61022861949696
16.673568582756467
7.632939555076142
18.19823226345209
23.434974781922598
13.456834973743986
14.763226679442916
6.724898617483424
28.02532437572481
50.43628461105013
19.495789463692276
15.946147910233748
30.733528845046525
6.432513109931582
18.363881871337433
40.203139500941234
18.683290531367753
7.0041378968271815
30.045288422696494
22.465371747229938
13.84616740607743
16.97307424066077
23.997255369238523
52.5838226649706
45.15014081970981
11.403967978105985
12.876892772137015
8.238068589537857
12.4981194247549
16.522266227857106
28.782473473500026
28.607638055622512
21.911516189096886
6.43192991745418
32.97622430103954
9.947047172918307
14.406982696106475
20.78513348163447
29.303510077379137
13.603402456148906
32.17844291950054
20.564187353031457
7.430065584806648
7.226501889910459
8.84805648641241
14.013262361297656
9.291520376778195
25.843515647318775
14.10068591435624
41.26100959250742
31.660442009357688
24.749282783577385
5.0866852199959
20.37189643516774
17.924787609952325
13.74418328131285
33.9731490263314
56.80832885675829
71.38739230817099
62.51915314173348
44.796851154084735
17.82329167962225
35.67279433863859
24.426263129199917
14.033363317833192
7.551185773279819
19.2718782912972
7.053367995284198
6.328866673774755
9.997599115976534
11.896161501451637
7.896193469561403
9.590820820852734
20.227593740329915
6.831603451055962
10.474833206060488
12.37013844966991
16.063578244068566
15.962694125489826
7.857712119297183
22.296624026058204
23.581055502320645
9.866149432092648
10.180326216089753
16.47050966687354
42.54526619287245
55.121932158352294
53.62620204983226
42.41326678229068
23.46436798076094
35.89099754165761
33.287376655736594
36.00076877567385
28.530376516924974
12.36667598262801
24.65012419239902
11.170118980181115
18.697127478849026
18.59151980982739
14.045817429128078
6.885707272750167
20.967496311561092
35.67767403832684
42.72345550479578
49.72642756364816
52.52350855043605
18.54835465801378
12.011148901893279
7.189819487646645
8.676947547327444
43.73609998249535
74.53101735938922
69.57922490851976
44.39290027326487
31.161887102938053
60.998076052027685
56.909424132944025
70.88394308444829
81.78260296150995
105.09884833844563
139.71996357740846
146.8550692769232
