1.4707286836411613
2.3358978909290764
4.120900460172681
4.542878550621277
4.127473288601173
6.853636390516877
5.48612499291352
2.120845626475178
2.0087995705369943
3.794104740551269
3.74351399790418
3.7436853434773427
3.1842933854470292
3.1498805393267038
4.32932096672404
4.4031113745994865
4.675861906492765
7.597508495992354
4.330463318748306
3.0238750531481813
1.5633173469609378
2.8563476841681315
2.9396522040469115
3.8344122548381208
3.9165707169239816
4.195494275499328
6.62671455419181
5.91489498465501
3.4291436906072192
2.6304597439062896
2.7425372718773424
6.179914470904453
6.521018009887882
4.917625839783803
3.427267644869435
3.1304624690398875
4.228372623557796
5.949986417994793
4.08607293526045
4.974544231798816
3.372779931045912
5.408117385424475
5.028988722001028
4.962397335731133
5.38098022216716
4.828383063851412
5.213279108310111
4.1551706516119395
7.987059103851166
10.94181474197213
6.361332769306806
9.158087200813412
14.806792430728969
12.052525001771158
9.810638127818109
15.228650471312186
12.924551488034552
12.514324560134703
7.525116157103476
16.750724283685777
15.836942233528646
13.647509241423883
15.93990835285583
16.75209177317658
13.55873364286277
17.643393914036018
23.25265437043086
9.812193193904719
12.310690703555892
26.516586843835697
18.793040429559134
19.50546949032467
17.598630293730594
17.842565855191488
11.96732122708314
6.889981236557027
6.718067841980947
5.701371436174895
6.117836401141375
11.372860207554211
13.359380618280497
6.2562358745233055
8.578080801373623
9.059414377539497
11.136169784604533
11.292205657195836
13.553891465736264
8.235144387753095
6.110410608921924
6.728710475684423
12.572200774789508
15.27412228965126
9.38514676454649
10.701164587733146
8.634767910416699
4.170661100238561
8.524406904140264
8.42503375601342
5.5281940087141805
8.908505717851881
7.702116980116941
8.692335603646782
14.707661819514271
12.291137359135405
18.62780488943943
12.162623348870497
5.9135226234789116
6.288845287603294
7.499303031552671
8.673119352436416
12.503052872022991
10.070032172789794
11.454615379832688
12.950130434973673
15.425589751525692
7.62662755850387
12.272509111791393
14.61294817944875
21.303518449450863
10.133306892119933
14.511148710025253
21.227129091680453
20.92616577193924
11.154493264077203
6.565278658895522
15.508007294334405
12.533492598899954
13.669497978061685
