20.24768173853156
46.85224846106369
35.055114604990194
51.29625657235423
57.12333906632426
22.103677139782256
24.55474138928273
34.4052109988897
23.323265654764704
30.201627480560443
33.71434708410321
23.39937090495178
22.87178083373861
23.570433306487068
24.241945996990836
29.177201673066705
25.050816183315717
17.12508555532105
20.925387087199965
48.35017829071252
40.24837677400613
21.336114000203636
25.38182433376016
41.069623206697685
23.661287940475678
21.4763454591371
18.063971285916043
22.42605816354291
15.162662709806266
21.84405490126524
29.09458387154677
23.831927930982193
23.836015280953987
48.06182517961902
74.95788737665038
69.93231861277356
62.594426222521314
26.178241026509795
35.56946250536208
31.131780295899915
97.56351727941012
126.51703701772342
117.54178595090305
55.62967158817271
31.306678299454987
16.87666641913956
31.23480373571057
23.59178349056537
18.04031079261118
25.581613894574687
21.674714767399735
24.812361887418625
20.93749426803425
30.9021938776608
19.520980872256978
100.51728131367953
89.36413045208016
21.79370141864537
26.777016624028946
25.744306894577782
29.012130149652755
55.85877078602242
46.83022560147129
26.132860656215385
27.1941809073073
14.550169726931088
26.741407322582717
25.778473984972194
31.027214177128315
58.45007055435018
28.458083343550953
24.940915014146
17.631185839700336
29.220774093413667
28.14418648035621
18.51060530418666
29.87747427493649
23.409631071863288
34.442140293409196
30.601237112944062
19.028975142213156
26.34984231006925
34.83100638853753
27.843394025951312
25.486348873423154
38.70725650606336
29.227348952570793
26.819121420387177
21.621055499370343
20.330065202996153
25.026460029978594
40.218499525161164
26.155942687606668
25.207260809114615
24.942393879809842
22.27134694421781
13.951808712625962
17.845394191042033
31.1328649169524
29.050745751174148
23.183005614654704
34.014797992452486
24.68730851464244
30.931504291488167
36.58247767583461
18.90475465576887
21.458560185293607
31.94111554405633
31.775375532871735
21.580747224993033
32.010080732735204
20.76271273732118
26.604079583585616
39.159884958392425
23.59493972788522
31.721930715153576
61.436614455383406
74.97607725994449
33.34581747769475
19.465811409850048
16.12255680543676
18.27452881630653
32.9379693064967
28.17439692912984
23.65382275776875
21.9879405297345
38.43182717144646
33.58633591418695
