2.206184470913904
2.6755446911805207
6.69910116729888
9.085553987669629
8.194467409539932
10.89343420217999
5.7190164996707615
10.205454847242766
9.698980629759546
7.699349384960974
3.465483750330823
3.193410643064764
2.1613039690373164
7.631295204721324
4.8781275606901815
8.49738736786418
5.296566771503068
3.907374361793293
6.993611571993375
10.66947422871569
15.503975109545488
22.590469746299156
22.018122001535975
28.08651383981968
29.293761795410774
28.421936264700584
30.76699190841333
26.53856771627927
33.767652320618396
33.25593113999602
28.608813615843445
27.361973287929814
33.326638189337686
28.021757191914094
26.85652342011506
29.348524360634823
31.838184544000253
34.41807603309256
39.357652279776204
42.05155582423819
31.434502083152367
38.050084325044736
32.776866163482815
30.055166887739386
33.24927522057271
43.40229766162513
33.15908136674679
31.925732592714876
28.78187209727561
31.420248000797656
24.573453264128965
19.992491068182538
15.283159976687735
19.43933363510567
18.380482325446167
22.699305483332765
17.134019508904558
25.515176919271894
13.462016427089296
7.073806994129825
2.7494926940742204
4.574041388066306
5.6165216633115875
5.4119584467341255
6.287279412926594
3.8110263265218123
7.737142112977125
10.316803210317197
7.755254024756034
7.1984043291639
3.2571723774472403
3.7732977348826964
2.5378357151367297
3.514386138241271
3.0820147218862033
4.831976834508126
9.742149827259155
3.294422075568704
4.897789222777838
9.974980067129074
11.533237880595252
7.690046581430252
5.130151143232155
5.2899328755958805
4.4578071491121705
4.522608219993238
7.443094360921769
11.14772976522643
11.323026999573699
12.339543715098742
19.403417196999854
21.10852747689036
20.961013749733297
25.35060983072897
18.88966609502961
17.99554249399128
14.197131433740992
16.507630657668187
18.309509853701528
28.659904902554047
30.79078840040151
22.972986200339818
12.16495688762997
12.500268355254093
14.267893996777715
14.758602383272276
16.751920585410858
12.94673821120547
9.762879963604135
11.123862609087666
7.9813317790933525
5.022247363303094
4.524851606456906
4.320941335294592
3.9129082635472514
3.95691399053365
8.025530495298852
14.694478658877614
17.119261470827993
11.631818038980214
4.904058646561609
5.428683042972764
6.4855038153487214
5.938431395006404
4.076684633574715
4.968457447532572
7.635068182206638
6.79804846053969
