18.075054170841856
12.878003961188266
18.543392358030804
36.53858376588001
24.69212582856209
23.800944709188595
35.75367110469208
62.41194183970152
48.75838228141248
49.53822195924876
16.99585802825133
28.96877418168171
26.65196429327911
24.259754189074194
22.256511910092357
18.774490320764535
24.469720646660267
30.968252622875767
20.727612079171205
35.865619055278444
47.493448357485946
82.11589499725935
51.43152787408533
11.64563722527501
48.04211638441838
100.93148334942731
103.53930393133575
109.84307691244618
93.71278319209404
122.3151125635669
83.60088273088076
38.284222794576536
9.18720229458459
45.1564284035872
97.03778773367213
123.4495910289808
90.77721480478445
81.07228784934297
45.0616602388736
43.75490501165207
39.860056877683206
19.66544844461852
41.17638339510859
65.24770510833072
66.02949099737395
62.62261584543599
47.598028273494336
26.954829739607035
10.403056504693168
34.57802585593429
45.90112125799138
19.843224691152948
31.5149587904327
13.458501935952434
26.508956396346456
22.863088210932183
11.695551140905735
43.03036093381203
8.627807341336037
18.185410987839496
11.2502747856865
30.734586075881474
29.81689253507073
19.22197851651363
11.85437047840486
18.73689693983433
31.348517288470724
19.665789508137784
12.987319155279451
38.95924720778028
95.92258199620414
98.11503499771287
127.3792775252453
129.8445860217364
106.95116640568769
72.08563204107162
67.23313197826216
45.64094521944463
16.518264933167274
20.83569356417089
12.976097351611628
46.478389489378294
36.12587825766212
13.875445466553387
10.415363234659615
19.149592788559836
18.069548880737834
10.027279786675678
15.962319611332013
24.7017133972031
9.990953416707988
20.45701437733169
25.432816741598785
9.396779699235424
13.3255929104578
15.631930655954875
10.07609218051715
30.170435211883614
19.536107563538536
26.252557693989417
16.12680900774393
36.780173787024026
28.451736801150503
11.005133403914058
8.194242764888031
10.082481892487209
58.651095504197954
69.55763111079955
16.043860209355188
12.022892986336174
17.19854102780552
14.337147646852586
13.742619687744508
43.51155588556534
55.566753385639586
26.797108136826637
46.16744326089143
76.45633508933675
67.95174043943442
35.94358622356033
44.72569583670341
27.519861181019564
6.994760245412422
32.964035211189824
19.533542535274094
23.78190164977613
16.658295256166213
33.88138251471102
