2.275671519831737
3.238741188869614
4.760083895387787
5.532526980613218
6.164814842958668
10.44732224928401
12.238486926727905
14.406004986317033
11.860866422721156
14.825342581552007
17.08988972697683
21.832111752092004
10.872770120925423
15.525933766059907
11.422687487391583
5.144547398519192
4.185234613508561
4.954284656721905
6.002298025782965
3.9881598079834184
2.042389618524643
3.7033290817140134
4.522024501212904
4.483436833883342
4.723582994545971
3.538403212497421
3.4990230789039494
3.253300673909525
2.171052075496142
2.7479813760801655
3.454271560291442
6.750652091317988
5.666559363924684
7.823871208077289
8.530079767813373
2.10778335240531
4.544604003041329
4.742786911097333
2.6014969525769054
4.107216934407326
7.398993624017837
9.728912336526069
9.618834347096346
9.53158313769756
10.364857365011204
12.690062344701573
12.425954746317018
12.568183465931725
11.572447646887134
13.740984274752329
7.853150747292169
8.30888474737084
5.026603303472918
7.586543831894097
10.256672825794965
7.7148085890518345
7.6782997861222455
8.884876834003705
9.754930511678523
11.703338650664108
8.57223026551128
7.634969589147424
3.5124149326570517
2.1941233257877073
3.6932472616324006
3.2638680087029996
4.436796009100817
4.561930684143476
9.613092694785763
12.142499335225203
11.791648751784258
12.005985278269556
14.247512358078744
16.15038090533544
18.19156269920795
15.96165291461061
17.33826989781538
10.208236509971229
6.784423804122987
7.5130158074270526
5.758676421066937
3.8063132192460216
5.579467454876664
5.985411091773663
2.798428529110467
4.079792367839147
6.073670103121259
5.825855335029942
4.003073799531421
2.635719790816836
5.989112464445739
6.5094206959756775
4.761083836407806
7.5449325040797675
9.037827473345601
7.963734402374243
5.858563020365551
5.760521164904134
5.609416833366026
4.35369104614513
4.105178475474446
5.285729958948991
6.311397636953814
7.093481931977053
10.055291861937746
9.731842476477382
11.72840280027846
7.328434214291249
6.995294308118517
5.244553364772457
4.698995641522828
8.649576539848269
9.101593635549435
8.341085048824155
8.430076786141711
9.541555236157137
8.46453984142265
10.281834481304585
14.148848871824583
12.503496164873795
10.556810961123048
13.844050956855725
16.216839899655497
13.635369614892639
15.619278763144294
19.397140639960426
17.947153454323214
15.381503317243002
