22.52249783211265
34.77731458338896
31.844607211105146
27.162253131461462
19.940973070241718
30.273687067154892
25.994959604502483
39.858393096227715
45.286352452513455
31.990364892619766
28.229803547298822
33.401625474577784
140.13723758766145
42.301927402159876
25.35975484936171
35.02712878599111
24.756069526384803
32.35522737086456
31.258283599692263
30.833747714340298
46.30585665267702
46.29893675640699
29.402037351934297
21.78309546956904
40.44865098591599
22.127774253555984
20.76994150996278
23.93156285026891
26.023848182580405
26.44897860330865
24.435825234475104
25.102402513789787
38.7101084871203
30.684718719375436
25.91102049163853
24.686417617531102
28.999712092236493
32.60003556062711
22.130198074468435
22.65426799929957
51.17893192127137
41.68950778116697
101.19422355106732
24.85496852374721
21.482779100996567
41.72026992016113
40.47944041434969
38.67382879399098
22.728068266502
37.22162811057419
23.69429092182405
30.132666216245
27.12378116960911
28.701946666265798
28.086233869351723
23.112941650612584
23.841643946929977
26.910808762148328
28.680629390428372
25.40212852235645
30.589881735616686
45.425590817194774
25.225588765163316
31.21150248188593
23.89378061248123
29.038149157238244
30.033378942852707
24.84740780136142
24.226472660449375
40.220136164424595
26.28514414951323
36.48245708290037
24.789500764836347
20.414168442431468
37.067801605304716
30.46956030778027
29.120679793962367
32.645357066111686
41.87513405198642
25.89009193567304
25.112409190682456
29.82938567601485
22.820704081029533
22.647485564602547
21.929186194907132
38.15884790869984
46.095142098661626
23.83407412882326
20.362157821860492
28.76485728257839
29.010590807242096
27.10752369539601
29.875723072476475
29.835944101294658
42.44786061282018
43.93961090107007
26.47311709688981
26.67663836587886
19.965195383579953
26.935757379643547
26.15931597388419
45.938047634277964
50.333768428488725
26.568072522708405
22.718855583879176
27.274659244886067
33.45344254824792
26.643503082049605
23.053593772874336
28.813958116345844
44.85245633249865
27.95275097046843
26.205349691896572
45.0305505652545
30.725906567941877
36.96305538337067
37.913654047329075
42.478063730018405
37.56179001284009
20.90756944263859
28.54989308859055
23.345955740148298
24.710597198018363
27.44668876704131
37.60470484126408
31.250399861281977
33.2555935569207
31.938063834570116
