14.596761361174162
27.96333941897208
18.740692323133636
36.54106635672044
65.9276279048543
27.941566208208904
34.39725369464756
79.45967322570391
17.766162529512446
17.691247758541763
24.9294850036005
64.43649828137652
48.745126460758215
18.008200607269956
20.035383354596334
10.140769294028969
20.708848661008563
12.798177744242173
9.464616545277744
54.75782038977073
72.90516161214012
31.603593277396477
29.52168729542453
45.03921483594564
66.9696357735813
58.54377466195835
54.503397626893886
17.083335980809913
10.350333964403752
24.433745377176642
33.64493864711685
21.555915014966725
25.18488850114589
25.53075437914383
32.039543878715406
31.546644919355785
78.49385572616266
42.65905078511885
37.28549865882198
37.54771398765435
97.0393712031157
93.63291755428784
74.31396501017093
33.8824550290834
21.000848360949504
8.286737475796663
22.075810010114502
48.603116254344926
16.643586984551426
20.47832273095284
12.897549826806156
50.72414874688965
18.08644881241913
36.70821793260689
41.43672970064107
84.56519049050502
77.48535684366881
24.422781030278486
13.154571272960084
32.62895497463158
56.23160732224011
31.85407907782342
29.5898734017119
15.298056382581912
12.347178420355327
12.323532326928927
42.92832125056604
23.4499467904623
55.92524580699481
40.896457560177005
19.563601810949145
30.982561516959507
11.797901350676824
12.780912125588344
22.967858818051404
15.607195773627161
25.2627281213894
27.357421626811224
66.86778996060364
35.843936046027366
18.469657148058275
19.06249707671296
29.719485430058093
30.185103315820818
36.16133038286205
25.99485742226043
12.000726743538472
14.757687495614945
20.351420987335523
33.773697286733956
23.727904373161564
59.12015075379884
49.83563249900857
25.09675875446409
30.0374535369574
53.611813931202136
9.093832409511805
11.56338381923851
25.748822633601606
31.03105223637303
21.55009645087513
30.771477285450416
21.552204248326348
29.28616343469416
70.9883435420262
17.84147776149122
16.604494777596102
40.30070319367677
18.59339913248482
19.50441993381655
14.410547474834445
18.420171838101098
9.013356505017612
28.099131360796108
16.791471269336796
35.38421845724238
39.103880071715324
89.01931076902541
105.39089333764758
111.93549787523457
21.271581517453868
13.732033979860134
14.50263687439734
52.22408898311927
51.147705975414326
11.6754693511742
43.224770673687985
128.5212258194304
