2.81111103624448
8.587697250048347
8.389015786376804
5.756866695266595
2.573081977923429
3.2177494400087463
3.3078224480410254
3.828276499741154
3.155060208694839
4.077612937119618
6.653383838894701
10.911772474688423
6.864563047535299
5.184739834642782
13.34512601608165
8.128791576001138
10.942932973402096
8.743972185638176
7.611095268648084
3.004374496309694
3.58082376992337
8.863967438279978
13.070480112536341
8.928374571265643
6.291155937496281
3.5188176690803985
6.024522391640765
7.263822878006522
5.632997278372319
7.572383884983367
10.14640012412169
8.20262607368457
7.251898807838568
9.696863497492373
6.805443715177965
4.421526246464289
3.0535127615157833
3.5311542856840425
3.8322904845282153
5.031538133892212
5.937735194407679
7.266662178753926
7.481719998289975
6.202104528120195
8.824364862020715
6.816718086940561
4.081149615816763
5.509341044895969
5.509817275788819
8.2741123328601
12.997090088440856
9.75457342385804
10.22589171450229
5.59772868449776
4.086874696117739
9.547257452686125
8.170035266647545
9.19965139374537
7.9108393846026175
9.35956057462262
14.329713879241446
8.307821760018399
7.065252948413438
13.028249164088777
11.259605580726621
12.286332553825858
7.616931398578515
8.689752836751126
10.130596672227462
10.394610078119044
15.684369524863648
15.426484276572161
19.956657456356062
14.362662764797342
21.36518344760122
16.91157608982578
15.007929253763812
11.36506400121381
13.77474571281747
3.8921860176789806
3.158832653655452
6.310369294022195
6.755837864084114
9.158799533234557
5.349917345767224
4.09194192565171
3.3232103182016743
5.0598040529521455
4.716780782575299
7.334945028064695
9.83402970886155
11.072695195819449
6.562323543359597
4.054958909600913
4.801866267478729
5.180506592768637
2.1586955378849666
4.410326660538146
8.42148616779761
9.883565841130547
7.9853996851658735
7.6153693731863825
5.377533976042841
10.384936884143158
8.232399467396178
4.5707600729464275
5.841484263682901
6.572357488219325
11.058947709665333
18.9558147677307
13.361699104319513
11.992221089591638
23.00062626150121
9.727646626416842
15.818530435032628
16.484348264582806
12.56927713295066
6.54417967778781
11.1236861969616
10.174653510093762
8.089816909398465
5.523134627304529
5.094402430632769
8.302587334409893
7.597375259998358
8.490246281038651
10.480278683982036
8.339462104468893
