9.793002902203096
5.957922487823884
7.856709807890484
13.753576048238667
13.650241847507045
14.47227761633332
12.826671300126499
11.957079006002623
14.668046179879703
8.48850409881834
11.400695094923782
12.678350757025317
14.765584500999214
15.1773968504079
17.36078059949331
13.309101069463903
12.529863966516666
19.288005776891584
22.126406221469587
17.583079789702552
11.11029188941701
9.54652723550062
9.987217917898615
7.015856172528046
7.230265976769914
9.440157934655282
9.603975003624267
16.22616308969658
21.40702314158029
12.671982983935273
11.277375995563872
12.515078620718121
7.435473526180086
7.6565202426812995
22.45363497093838
28.166555999989516
33.72567260058214
20.454232223609825
17.962922718509773
17.346126100838724
25.921688960719855
20.258720603739
27.640953510534267
21.79996728531267
34.509727839640504
34.214077491691036
27.758547566082036
36.046226422889376
31.336054544234777
34.81498457668239
31.05318486208335
30.284685586344665
32.37540495422446
22.585405510844048
21.80793659909871
28.474104120188947
26.96003378666051
28.787501496749577
25.574628430804225
36.25760921117139
37.96485885039012
34.82590547988151
45.37301820221093
45.83479296025727
33.4329324935655
31.615355742361523
17.05358566390872
11.220777244907353
10.332170719898691
12.709977425215968
19.661623373284378
31.198432777058393
26.67489575601951
33.07044287165168
29.77958261630843
34.46649578403563
26.645488995998825
27.025785161431585
23.008523351222664
18.087838990774102
4.21836852854635
11.363191129140176
23.539760878949522
21.835383339707477
20.977348153325266
12.661387765748998
13.349812131485521
5.56159620236329
5.354010751552039
7.687367308004056
8.609332568060324
8.82308761928482
8.781793007837976
12.49305303164958
21.755802448093874
20.263001703855323
26.32390825317171
28.984443143614214
34.58713029859581
34.43391749174069
37.88308225969702
39.7147925918684
53.20977930259993
36.737703753754445
45.73389971325632
60.42432829205056
64.8177018925194
72.9897058024098
63.836180017841315
60.83522081156333
57.484284095360735
61.19160061327483
64.15409036959471
44.22173517694675
46.65941329831523
48.053703519176295
50.721448902519214
52.21311880421153
66.57681266806823
58.694105435892354
40.089790845142645
40.753253130287874
53.53178440704791
50.50261672153499
41.48204815003814
30.986325605674494
22.412545793959993
17.40357253343923
