29.510987729366988
31.461819353682657
52.7522860503342
49.935925033865544
47.1466026471358
41.35014058268821
92.19641849087026
48.210661256076584
31.246865297391558
33.71934116606476
46.212337039305666
58.43067850545605
66.5635272493914
30.33841627022652
39.77050969165157
51.7214467049421
23.633933859102807
32.386397510205825
44.51118829897
37.5587712932401
47.65161362766662
28.85864013693147
30.04588697527219
32.12481520758527
28.776978921704902
35.34711665950075
55.02136890102921
56.715494757102164
33.53429979085859
26.78701219514101
27.56508875519912
39.410287868856514
21.72751742320873
39.84558785705843
28.691248713398068
37.780050460081576
30.877105249745714
19.829401848955904
23.277883081877757
36.784405615727565
41.18745973083962
37.01830265985832
26.789178800168028
46.62800181975736
20.24605993194554
30.597315675148288
64.055104237011
62.03090275646983
30.51738955183793
23.73937445889179
28.62771069467297
42.80216555585737
31.060508441710716
22.21403650945757
37.76023765150433
39.83351304497374
23.961404106304975
26.41876167516569
21.319573866313384
26.47716443342383
33.13600434955618
23.459807039847995
27.356661378540544
20.98574938704283
25.608101963253375
36.81006510098698
36.16001230200483
47.70142590735348
28.910542837360133
45.53589159750357
35.44842133129949
22.117060379159945
40.52881307803339
27.18621218247901
59.51300009312932
38.81363566129326
25.094701878124077
60.9408327127557
62.80469042514691
58.363699849485485
22.625771938412385
34.52092834937211
33.28714184958822
67.7652062660658
52.96384103099146
24.82628606312425
36.875912402148636
23.40015602701365
48.046993499224264
31.863200698815447
22.361711323019463
42.16614470883424
25.26645564493475
128.64380600360346
36.92155887544932
22.668616291521516
20.103897100289714
30.251162544789224
41.937413893957256
25.45931544801988
37.2409196777558
36.5440319470714
27.78708870916647
34.83573870625327
23.223668566171142
173.6077186378922
56.83754199782291
19.619947332896118
24.7112059033785
31.40068606581569
15.875853670064714
54.590236139269706
53.563349918020506
47.060853244067744
34.67380981153663
32.40461542600748
35.22418780291653
26.93643532261764
32.70449608409413
35.90583570172495
29.51038486261224
41.09817772345724
50.11668011809023
43.6384752418564
26.028869153881843
25.927008158433196
31.547713926340492
38.89630022165852
