15.824086316788257
13.91467789472981
17.020885104109045
16.224555257257578
16.25643734274587
16.768822551372352
19.671741949435155
15.813281491202645
29.19011034190166
21.59018506458637
12.395956656882221
24.819028232656272
32.346825650569905
23.679291341538757
19.101551778116022
15.577324329637438
19.667074432339092
25.720546351833235
17.94734684023912
18.381653941241815
18.395429874230803
16.227099833329103
19.32079341074754
25.305768849749015
18.732946014690587
16.06606489997283
17.74824876597093
17.849367250118082
25.19550666430988
31.37349841743736
18.25590031006912
17.860544766095348
28.24780690347497
18.30432999559657
13.205533208811563
14.143356667898594
14.834627597333146
21.448461096829533
39.40996198677835
14.998854320516479
26.335578812475113
17.83041122770196
18.056018021990333
20.0259937938322
51.12463198901778
23.02493986135687
16.37691152041065
18.15262578261622
20.797099502174063
27.077413065311923
19.535450352481313
17.25421843893274
27.205610888427678
26.966934470398805
19.713766962583968
26.457596165756755
23.537601993134842
35.773347696315405
22.528111143627143
32.7189325812427
31.63964058736198
18.07471623046409
24.03386138318335
21.930442835222202
20.394327544571162
18.577021776750392
27.909181441102547
11.96174363752727
15.253573001018566
24.818178530074903
13.154247819725143
16.622785808982705
23.434592775539656
13.814658745011819
24.184154923324662
21.96341501398917
13.901543408563242
20.1358726102456
43.89338519054053
25.667509612449763
18.90072652016356
23.320115704336885
20.667760507299164
25.255143040620837
20.2081900648852
20.873806988689083
19.98023970179925
24.264140431276914
18.91295356044749
14.303706238979785
17.438278652088044
13.772467708153314
22.893590078512716
15.540395757954784
13.684626224485456
16.436596181734984
24.31341241153268
21.25306566783283
24.01239321274531
26.80108166903227
26.683799076051457
27.625425363286183
19.228754018434643
30.339326043899703
28.657385728011732
18.81489227694793
22.388287870923932
17.319840959275254
17.398762527163584
28.38882843206656
32.82324045303261
25.521188005398585
15.501359551553051
20.07567977318689
20.124099755832816
19.644003861403448
19.28724713886281
21.979019482075827
14.752417677177121
16.475005527298038
21.32087856356972
45.40621016765161
61.81479046772206
77.95963169743708
49.613002452112156
18.10406960265172
13.943835460966824
13.770094056787045
