21.523892515358533
21.9973876204227
21.479459647753917
21.48539708694918
22.72266109631875
22.283903326409902
25.838333727604365
21.700663174506285
36.1251072402774
28.44489175828053
22.62535663981224
32.365689200523555
40.36753863589844
30.827525631158494
24.503236934371103
20.569267304854648
26.026440713554297
32.87148770041871
26.683758139362425
25.937083928479645
25.552409695150985
23.083972642557224
25.293414796535856
31.953140607923743
27.03950701273231
20.800503919248087
25.109043644237918
23.866011976363872
33.775171407358926
47.98788702322868
23.398792211796586
24.39029278349694
36.00632235290031
25.247096456819165
18.6883787085338
22.35182390200689
21.13450258951894
27.12064124846965
46.9157372846236
19.326302709505377
33.220415259617134
22.945163007672654
23.70026505872923
27.850748882682268
58.76076869367004
28.559304149587355
22.37234192400858
26.43294985775195
27.039411082159212
35.47158603445204
25.616824032221594
25.3597642007435
34.75264578490875
36.83866850469225
25.08487877902639
35.35636387695235
29.782806041909524
40.55699808577318
27.2477031340631
38.63502376420318
39.1315999999373
23.36046494085172
33.8035403316124
28.031909422654877
25.61894174234672
25.56915863562803
36.071973737578844
17.51545816549703
20.161379082708102
32.08362187058368
17.69377948179421
24.536398096619315
29.44790308789677
19.18613571411823
32.41283540956328
29.366538902475284
18.876833454125176
26.753042284723776
55.76992335408626
34.101910434015494
27.392666914568323
30.737764742212647
24.767951500464974
33.40255732845621
28.98339255607766
27.640338374675267
25.24097388177364
31.41270892174761
26.551543157709844
21.021751895812642
23.008968698632614
18.992840394225837
29.034613277447818
21.135816171745233
19.43128945202703
21.81570030033801
30.55196825409115
25.333904651688925
29.064514853031966
33.53948708082163
34.2865108075753
35.84072309126036
25.69113885753444
37.23977815687411
32.01856818291887
24.899608363049254
28.145839513897727
23.800713852981502
23.910647111992162
35.87713611520722
38.606520234231624
34.95203232237877
20.92256943313339
26.041746355983847
26.588435194335375
27.04516573203378
24.098075135056717
29.620480015234165
21.499190346162024
24.168792736967788
30.379530703154444
53.03206895220244
69.16274576178294
86.13225795570123
55.72620215147792
23.6127695689172
18.697995069384433
19.500668248161105
