0.8963407250144763
0.919169624735681
0.923425487111529
0.9034158232960299
0.9007167183247087
0.9207473045799079
0.9210254029917628
0.9265311571885375
0.9285881854347435
0.9267697990926891
0.9013547268635653
0.9212438172238917
0.9105933978682952
0.8747828048909234
0.9115408758023449
0.8816341916057411
0.8739451710798214
0.8965930162518436
0.906382510513037
0.9150152944873895
0.9131646400361237
0.9202657022561134
0.9044617850789312
0.9283558220068819
0.906577051099223
0.8995583264249554
0.9178579827185942
0.9081498477525756
0.9371602116801121
0.9208445031148216
0.9296689416368906
0.9328407166745762
0.8733920097708712
0.9330353892090066
0.9022730730847179
0.8709697875051141
0.9194127711973685
0.9006735652558824
0.8923576740758605
0.9325928767120963
0.9181879461079667
0.9078049726245645
0.9229657683628929
0.9413398506493067
0.8859973841061297
0.9201219586901743
0.919843717866101
0.9507385248869653
0.8922561490833445
0.8956657593292121
0.9081792174931138
0.9093999544393085
0.9217400194398664
0.9201634000976071
0.9280085406655587
0.9112644672272552
0.8917371130859522
0.9384156722039592
0.8956378862144163
0.9006260637126218
0.9051415587686549
0.9019559644684492
0.9030453528937841
0.8874757012895813
0.8769130322067014
0.900443055982727
0.925921772458075
0.9319882218376137
0.8992556020347493
0.9217546680482016
0.8998966873029914
0.8973733769116095
0.9048927764543109
0.9346751833884994
0.9306002289631081
0.9106898611043448
0.8807807255010331
0.9207863600839374
0.9162895473620836
0.9234859885469646
0.8720597929940865
0.9390625255611766
0.8988261320206234
0.9049081626008402
0.901995392315051
0.8986261344857382
0.9280880742642097
0.8847535938612694
0.8824281721975709
0.8969496539926354
0.921897396510218
0.9223169394702779
0.8846113422221435
0.9322147860365959
0.9050690506882688
0.9214027753200611
0.8886181612443238
0.923173487516749
0.8815086856427001
0.9198047223418371
0.8907285457816414
0.9016895098098132
0.9157037018068479
0.9098192329542485
0.8911017868516069
0.9019360623857295
0.9044439774039859
0.8825980698823628
0.9201715420159502
0.8938353611650598
0.8956451877028684
0.9130982782948109
0.9457080918033824
0.9225902497054221
0.9136569546263615
0.8845777228763438
0.9079978863282037
0.9318947421485575
0.9264649225257955
0.8864063919257035
0.9202406272532926
0.9250773466373374
0.9167462440206009
0.8995349476262362
0.9112236616046943
0.8992889337439323
0.883827543146964
0.9184158821331607
