0.7495142726580526
0.7899089411064444
0.7407181403872669
0.7585633716566593
0.7554230004553455
0.7818694451773478
0.7198767954287364
0.7681289561872982
0.8070541981810804
0.7799356082460065
0.7452149146270095
0.7352599835803666
0.770102570531952
0.7305423002871372
0.7733385658958305
0.729159723924484
0.7669406261945202
0.780996786321003
0.7372500800620312
0.7576100565403951
0.7924871797182433
0.7771134989027786
0.7859631830296934
0.7466258395618759
0.7878616285105196
0.7564630492274667
0.7464166029767689
0.7721752922153762
0.7805680649692839
0.760731798481391
0.7783519023756114
0.7499146631963356
0.7471150913790616
0.7430899900383565
0.802733696332659
0.7679543343626527
0.7270907275877825
0.7987063173250135
0.7573322981748838
0.7656713586641146
0.7505348038091668
0.7657909650170609
0.8029469781612733
0.748653825993884
0.8060400636730449
0.7653068935123457
0.7486419978061107
0.7674667393293575
0.7374999762844183
0.777114291965411
0.7487738089856322
0.7667281916835265
0.7736154007062268
0.7886051806534269
0.8013238474430011
0.7386772680594191
0.7579688701456249
0.7680273089744887
0.7474219896951553
0.7528530298208622
0.7912857457712121
0.7727487028070357
0.7515959678573694
0.7844800286089537
0.764937038824101
0.7934221956016714
0.7237793926145315
0.7657295667897159
0.7689681114814846
0.7797533918385895
0.7942562404051685
0.7780664952930465
0.7727034362785403
0.7739431195555824
0.7734300845368054
0.7673298170799541
0.7949040494100075
0.7760477588798125
0.7523624843666568
0.7713365415121416
0.7575457472687503
0.7807185820967959
0.7499839221310935
0.7716404895453906
0.7589568857189732
0.7435406945746479
0.7835640961237686
0.7390153305590843
0.728477353173389
0.8169093007040118
0.7889290662211295
0.7707354484335269
0.7588390362992357
0.7764234673540642
0.7711268876340398
0.74810465151252
0.7908407922036957
0.7524158367826175
0.7737710187112725
0.765252912159994
0.7828867293698636
0.7452746538107107
0.7526295298111734
0.7474811248137456
0.7428818418101599
0.7579593523435619
0.7940742074706293
0.7760579178435592
0.7610505974656832
0.7771224602677336
0.7452568182186923
0.7619764767132011
0.7474741231044248
0.7728148330625402
0.76844940277158
0.7921661610963042
0.7790079709221231
0.8119969796579767
0.7703786600343818
0.7667528302291373
0.7220930924879951
0.7644180275677428
0.7343241577490573
0.7228294372551858
0.7516051387698894
0.723796390061139
0.7956855243305654
0.7857319316593703
