4.006302838106992
4.475577576015427
3.7541838902533216
3.83168389764332
3.740399815685586
3.610986746233902
4.457065559073333
4.264910198204354
5.250486630308142
4.720764093747264
6.860943344040557
4.04610122807971
4.600430107323909
4.803516044347459
3.369427502661276
3.8254173337614112
3.7150298853068833
3.6677177808822705
4.675097494680305
4.55020310276757
4.247466021403547
5.022974065559218
4.439563705459133
4.323643339869744
4.673263111817313
4.10321168323669
4.631017274440108
4.822294292422168
3.6362064873394786
4.738175659100335
3.9395075322990216
4.427020293775911
4.758691746940862
4.444482098475806
4.170855406962456
6.388908694820973
4.120211313185745
3.7076023448887767
5.072660658817682
3.587041010433616
5.0732762293896485
3.809989731507258
3.4090520310057357
4.648342326990644
4.252764485245237
3.8205338565034523
3.9672900563974594
4.463797462598826
3.517439111680602
4.6419730976738265
4.590372191552767
4.964267920802243
4.8076682822366905
6.312431935194233
4.245191431379091
4.771483069043732
4.070475703229953
4.120539033086288
3.6609945070484855
3.6080222293449253
4.705398908117395
3.7965965573285345
6.470926715810116
3.6970046814554394
3.785105472032811
5.380929572639602
5.650864059325208
4.213515351805711
3.464711681238917
4.278007343590723
3.9951083747254117
3.885637699867189
4.437454977739762
4.057265464156522
5.6756041960671055
4.134926595993377
3.4976278367200138
4.6394743506031375
5.014244196966146
3.9763578714714214
3.948280433048268
3.8784968077055595
3.194634055755529
4.0165492939594
5.774088022037802
4.383555551727497
3.329226025847035
4.728502396554234
4.609514438913493
4.41730037341452
3.7459154677717805
3.808688853113665
4.2648446552801715
3.775294443290548
4.291209119711851
4.4488283974284
5.25393581663424
3.5268330155523273
3.21012531119203
4.732532218252658
5.293326273061922
4.353078783790465
4.263918170889369
5.027710162574138
3.714553330381065
4.326820195961673
4.0294331449439085
4.77559333609932
4.728547251702608
4.354577954641172
3.687250467942121
4.540020751361638
3.6172969340123444
5.0066795986336246
4.685092445587628
3.7057280947377222
3.1710479149354995
3.6413282193317116
3.967556996827568
5.720970507202921
5.085527186231374
3.893744095595821
4.9519731642874945
3.7846643268653395
4.567043447845904
3.8300562512342395
4.128770322944305
4.585589687688099
