1.196334385731045
1.2059136914290225
1.1958415426689344
1.1898523467864521
1.183404687513307
1.1768945731815628
1.198989251004407
1.1799758701379666
1.1920288687618221
1.2088838879050834
1.2136146864067785
1.181625849788282
1.216825193895828
1.2025787218270556
1.1807876757071596
1.1989418534289462
1.1654870446390901
1.2014748509396447
1.2103750945787344
1.2100233669539417
1.2027569281628048
1.1996077728322627
1.2055317285163072
1.2134804940527897
1.2171247447641211
1.1708211391495476
1.226047526541594
1.2050335123039837
1.2404873805426393
1.2111276715577024
1.19973539199092
1.2076386733810058
1.2228913958614207
1.2159397138472043
1.1667252884176114
1.206859871364494
1.1698862660194729
1.1969175722723917
1.2321731287121371
1.1771278886560448
1.1928602565426165
1.1626313751267574
1.1793411673732264
1.2215160633606181
1.2020825620161004
1.201735598925661
1.1913908592510392
1.1999153598433199
1.1982739916624021
1.2081189239217094
1.2060293157199808
1.1920056753363493
1.2067120503627597
1.2148697060101885
1.1975503021308396
1.209977083896326
1.2081939739731853
1.2051464005311172
1.1811289148152548
1.2083480211290212
1.209105982595102
1.1975830316314782
1.23203252595113
1.1889654625509019
1.1824127030211562
1.1967600549261301
1.2202006201924738
1.1853558065164447
1.1593641599591404
1.2112945207386012
1.1854565778425834
1.206777295308357
1.1946973914798968
1.1532951650977592
1.1744528880291134
1.2157534872403106
1.1606829196795438
1.2116872260728344
1.2307541896239123
1.216133135755403
1.2052489168668532
1.196736604037992
1.156937068975152
1.2365805503651435
1.2248276187241622
1.2144168348688122
1.1701870643651975
1.197525762266183
1.2337412918635582
1.1928527819008503
1.1742919698361582
1.1714446556211564
1.199622407360855
1.1930645377231033
1.1716380033127414
1.1742232534569412
1.2043526835545975
1.2101057015836962
1.174690167366819
1.1866020384822022
1.2141200821913465
1.215379775914239
1.1975960524014557
1.2233434138777042
1.2164567917722369
1.1938229265062048
1.1873424150462584
1.186267377897718
1.1991071684069508
1.1999935179639543
1.204419877949882
1.222307945866859
1.1916394596411395
1.1914827973005853
1.1849322780966152
1.211221358504966
1.1716762501098377
1.2208850682810177
1.1803343768591916
1.1919235540122808
1.239785339338076
1.1937304490244705
1.2302735319359468
1.2224354388245071
1.225979571928967
1.1883357218961983
1.1830232243125791
1.1759905464365914
