1.165494415946323
1.193319580117561
1.1932585544921734
1.185613977267575
1.178406808581255
1.1867658948298634
1.1984937452025637
1.2086541944119966
1.2305283417866215
1.2064127432881286
1.2062923502419232
1.2003729888108234
1.2221331902295771
1.213201127035247
1.1965948548104075
1.198140381317606
1.2120568923833468
1.2188505548562938
1.1965177765765556
1.2101929615577325
1.2194913844151791
1.2133144243841283
1.205241800182669
1.1969831904607466
1.2208375569040284
1.207330781097274
1.1932440995003026
1.180323171953044
1.206531711516665
1.1755678760687809
1.2044061862718378
1.1989240268225216
1.2069358767735217
1.199627574963831
1.2025611858304166
1.1941915926555144
1.1908641850523425
1.1951230881167545
1.2023509305985287
1.186047067447786
1.2278529543337169
1.2073753856488296
1.2342506511931037
1.195221245788253
1.1876634747319799
1.1966539746009919
1.2206243315866596
1.210590853889443
1.190001075216965
1.207688462203715
1.1891727134672878
1.2166937559860853
1.2106901063836324
1.2030674025211576
1.209202915796478
1.185463096324747
1.185051165626441
1.2046127852132376
1.1848647625269946
1.1889236487661776
1.1997556292362774
1.2095299166025646
1.1894934348611677
1.2047501899955855
1.2016483457167306
1.197680731335852
1.2025601474474263
1.1949048633720363
1.1847241693119064
1.1978663781643317
1.2197513749988247
1.2017980559305161
1.1912388564816703
1.1758464876829962
1.2077232958412722
1.2146312531720698
1.2137884496970703
1.2154314849193306
1.204609578185223
1.201104024996596
1.2187845038030476
1.2134008008661246
1.1713037145184688
1.19457163754765
1.1946120585883955
1.20201280141887
1.2123339065592582
1.1785587609830188
1.1850076715116724
1.1962856119411747
1.2075033551152519
1.1990399635779345
1.2225051321063936
1.2002841080586053
1.1983825771763104
1.2069426635386569
1.1891215998503808
1.1886069357286586
1.1715441746614927
1.1930811782612085
1.203615922591094
1.1947355821371184
1.1925646991669856
1.1867259998156827
1.1872212729809388
1.2004300789558822
1.2265076486177957
1.2069730465668285
1.1837687129368308
1.2060130679649237
1.2059852953242254
1.1981108117949644
1.1873946397360706
1.2221447846142939
1.2093957622339673
1.2160908137018147
1.227896354233565
1.2228018824673523
1.2297950697487932
1.1837610410153732
1.1779236209623916
1.195407880794846
1.1956923021040826
1.1823649127725888
1.23095718325894
1.194089614520688
1.2102687589598096
1.2135704084222085
