1.40460355619766
1.4012290973341517
1.4016708784965712
1.4124708797300611
1.407295534733532
1.4035076163463804
1.4087919852300148
1.4100227681286885
1.402516017783263
1.4000721215681975
1.401804233050208
1.4085745541688932
1.4155188318929628
1.396881366854008
1.4037656357393313
1.4012778334283629
1.3907082967449949
1.3900328475942672
1.4008687994167337
1.402405525445671
1.403522123180963
1.406965699445034
1.4024991807381464
1.400020724852483
1.399695722793848
1.4011072664981816
1.4014534567348564
1.3981969718887712
1.4052683664544487
1.3913833621559253
1.4010052359405225
1.4147298120051013
1.3872393750618106
1.3970957133759292
1.4073016235879883
1.3944704881645433
1.4081645583092661
1.3982418060317627
1.383573715478976
1.4040716995408875
1.4098138462302547
1.407334001607078
1.3930851963749808
1.4038891172553403
1.3872692516962115
1.4050786521233718
1.4144077078696742
1.4118970822427575
1.3958416332801271
1.387333291129016
1.4010578947743244
1.3989220885954612
1.3993322598377755
1.3952649776685995
1.407545853079495
1.4090763115264564
1.3877648215312626
1.3959959315068302
1.3953247387555678
1.3979355842086518
1.3882854650300247
1.3925129877652465
1.3971595041526084
1.3867072718428115
1.3918843536454097
1.3987983590974793
1.4096485656335715
1.403058880156188
1.401045941746105
1.3987828010913517
1.4019713942627978
1.3857849532590383
1.394080681362131
1.4017339249339225
1.3998242784347341
1.3951994453186474
1.3904547114141876
1.4041741953339124
1.3940287553856083
1.4138057210501551
1.3887101107263728
1.3996429944839106
1.40359192620275
1.3952754712092417
1.4090793663490284
1.4000285538765884
1.3971305093461655
1.3898118098683432
1.4103605056495867
1.3960865385556798
1.3957179848888566
1.4165273100144133
1.3909660252277938
1.4121125723318482
1.4077668546406976
1.3931679917774389
1.379433147986966
1.3861801842714359
1.3935116084844623
1.3918425414463425
1.38955157232153
1.40299053382895
1.4011413141899531
1.4056046441720644
1.3953572156714278
1.4113751841861724
1.4223625440087295
1.380203219536349
1.3944006151649204
1.4000545823205326
1.3918991135101308
1.4092184981579494
1.4043716752940851
1.4045424513220703
1.3962204186713194
1.3976208344142322
1.3989463163320468
1.4001666480104318
1.3963386288936972
1.3953092134745857
1.4038298277313421
1.408795895807511
1.4085683434691403
1.4046900500688437
1.3933227787247777
1.3993415067280832
1.3976394335495026
1.4090249478838324
