1.404646421296421
1.4013573836894986
1.4017136540971114
1.4126864056821684
1.4069090094706962
1.4037646062663658
1.4090499427468417
1.4099367071687197
1.4024304149989744
1.3996875802750421
1.4018470127204061
1.4090903895769142
1.4150436516210259
1.3969666257264968
1.4037656357393313
1.4013633606398759
1.3907082967449949
1.3904146315184722
1.4002275325712976
1.4033042838695713
1.403008138028431
1.406708076331122
1.4025419816164648
1.4001489005780248
1.39948214617599
1.4017058841047179
1.400769153289185
1.3982823110594187
1.405182595680129
1.391638132058664
1.401304522947712
1.4143412448570287
1.3874087158058368
1.3971383493535103
1.406958044090042
1.3949386026472645
1.4079496894496608
1.398113793171103
1.383827055392699
1.4039860018053198
1.4097277980218665
1.407334001607078
1.3928726284434052
1.4038462739595257
1.3876079404783639
1.4055503276962893
1.4144508721673996
1.4110353286525212
1.395884230986221
1.3880530380146725
1.4002882706866189
1.399263622308497
1.3990333302168385
1.3953075577765606
1.407846537313246
1.4095493290870884
1.3869177971040583
1.396038533921732
1.3953247387555678
1.398063569033866
1.3884125663604412
1.3923005071457755
1.3972021420769294
1.3866649528953066
1.391926830584913
1.3995240540469622
1.4088312034891919
1.403058880156188
1.401003185217121
1.3987828010913517
1.4020569638059048
1.386165570464218
1.3937828735993887
1.4016055923602286
1.3997815591879557
1.3956678045074447
1.3907941778964665
1.4038313793682546
1.3949221453960787
1.4126839269599665
1.3885829705184816
1.3995575670550482
1.403677594655277
1.3967232057679915
1.4076173089010344
1.4008830634919915
1.39619249447783
1.3904480152256438
1.409714893845853
1.39604393337567
1.3963568938785214
1.4159653332373692
1.3910084741421378
1.4126297034008175
1.4073372382910148
1.3931254756644087
1.3792647601515182
1.3868570300645373
1.392831182894382
1.3918425414463425
1.389848412562199
1.4026908227163766
1.4019965029803523
1.4047896268307782
1.3956552961313187
1.4128826955218206
1.4204960404261986
1.3805823036725742
1.3940601853272336
1.4000118560454373
1.3919415909000694
1.4101216228058167
1.403943095070912
1.4041138189821893
1.3963908557341456
1.3973649223962121
1.399117086146052
1.4001666480104318
1.396892596245248
1.395096306184932
1.4040440351635521
1.408322972380574
1.4087402878470052
1.4042613726853999
1.3936204245820492
1.3998539608931448
1.3972982129846712
1.408852947768124
