1.1966264595556861
1.205619278906701
1.1961334961705627
1.18956185549085
1.183404687513307
1.1771819009582185
1.2010383049001663
1.1779593098130237
1.194066027473085
1.2068179242294643
1.2136146864067785
1.1813373669147984
1.216825193895828
1.2034595167893312
1.1802111192248805
1.1986491430155113
1.1654870446390901
1.2023548374027353
1.210670596310809
1.2091371193707237
1.2027569281628048
1.1993148998408487
1.2058260477859646
1.2131842341665464
1.2171247447641211
1.1711069841542228
1.2257481985321845
1.206504500478183
1.2389731137206879
1.212310413424458
1.2000282961393551
1.2061645050785388
1.2237870682704988
1.2156428535655033
1.1684343586643169
1.2045027231782353
1.1707431163119677
1.1963331398640555
1.2333764227831452
1.1762657344407204
1.1925690308940466
1.1634829117784617
1.1781894670144633
1.222112506750931
1.201495607640116
1.202322383886074
1.1913908592510392
1.1993294636715215
1.1994441811073848
1.2078239730125488
1.2066181972217973
1.1908416072940284
1.206417442928589
1.2148697060101885
1.198427414168533
1.212340320388311
1.206129189349696
1.2057348509220016
1.179687107057912
1.208053014287925
1.209401174485384
1.1975830316314782
1.23203252595113
1.1901265616354242
1.1809693281395384
1.1967600549261301
1.2202006201924738
1.1853558065164447
1.1602133036309856
1.2107030683358968
1.1857459959524084
1.2064826719452446
1.194405717312055
1.1535767313001757
1.174166156366997
1.2160503020565314
1.1606829196795438
1.2113914039961564
1.2316556209151406
1.2167269507630962
1.2040719159714754
1.196736604037992
1.1577844349924677
1.2362786508167143
1.2239305281831045
1.2147133233538876
1.1699013741639366
1.1992799503945026
1.2322352600131388
1.192561558077144
1.1742919698361582
1.1731606390034142
1.1990366542322608
1.1924819866792933
1.1713519588783388
1.1742232534569412
1.204058652137714
1.2101057015836962
1.174690167366819
1.1868917362455036
1.2150093302984202
1.2174568409609676
1.1949646157628784
1.2233434138777042
1.2167537782936655
1.192948544479955
1.1876322935655568
1.186267377897718
1.1993999191804876
1.1994075836290108
1.2053020214151773
1.2226063608927056
1.1904757492313336
1.191773686655395
1.1849322780966152
1.21269990020236
1.1711041425658388
1.2196927977065246
1.1823515498665194
1.1898865752822794
1.239785339338076
1.1937304490244705
1.2305738916849545
1.2230323311286206
1.225979571928967
1.1874653588186377
1.1830232243125791
1.1762776535035926
