1.4048178816914645
1.4017850048739877
1.4016281028960311
1.4132898783480685
1.407080798476401
1.403678942959704
1.4114145533177538
1.4094203414089068
1.4012747774110792
1.3978930542403174
1.4022320297521886
1.409778170120942
1.414611669555629
1.3975634378339172
1.4037656357393313
1.4007219065535286
1.3915146766778
1.392875016807793
1.396508184867768
1.406856519544986
1.4012948541866572
1.4055058351328655
1.4028415877646938
1.4001489005780248
1.3988414163224163
1.4033307033224587
1.3989728567442978
1.3986236677420087
1.4047537418085303
1.3930393665237257
1.401304522947712
1.4129596727749925
1.3886787713860325
1.3966693536001187
1.4060990953451764
1.3953641612679204
1.408809164888082
1.3971750321929324
1.3845870751338678
1.4032575710529944
1.410287111376389
1.4069474657789998
1.3923624654076232
1.4035892141846376
1.3886240068248212
1.408123103548566
1.4148393508469292
1.407200525175971
1.396054621810596
1.3904239689321292
1.3976373432734106
1.3999039980204397
1.398563583669652
1.3952649776685995
1.4088344997955713
1.4112693929439322
1.384207318937005
1.3958681242621245
1.3952821568238432
1.3995140637196295
1.388751503241552
1.390898135057267
1.3974579696228557
1.3864110392102769
1.391799399766403
1.4020853303392549
1.4064651551765135
1.4029304262792206
1.4009176721591532
1.398612051237703
1.4020997485774582
1.3871805496780307
1.3931872580739044
1.4013061496882762
1.3995679629540638
1.3974135069384157
1.3913882442404546
1.4020315955485518
1.4007504516548626
1.4068592268762943
1.388159169825511
1.3995575670550482
1.4035490919764866
1.4031954308541672
1.401941085867646
1.4041729255112938
1.3921846127676694
1.392441458678519
1.4080793439430612
1.395490066035545
1.3997644084900664
1.4129393044378997
1.391050923056482
1.414181096607725
1.406005427606998
1.3927428306471357
1.3790121783983469
1.3897759275472865
1.3899819007359209
1.39175759011935
1.3906117160382059
1.4020057687447804
1.4044765504725099
1.402215887858295
1.3969327838165646
1.41895581261686
1.41320365433631
1.3810035082683798
1.3936346480301252
1.399926403495247
1.3921964552397015
1.413734121397286
1.4019287680219978
1.4031708278344512
1.3966039020626781
1.3960427103031077
1.3995013182275642
1.4002521074005692
1.3988527884122741
1.3946704916056245
1.405157913811044
1.408322972380574
1.4072787606351536
1.403061076011757
1.3945133621538637
1.3997258473518794
1.3983645272497693
1.4078639471028003
