4.2141964544818284
4.2044570101345355
4.204841533087554
4.238490268950719
4.221543026189186
4.210651343999134
4.2292994742140815
4.229594969106237
4.206007203232596
4.197652756083557
4.205797716182406
4.227615059002757
4.245087756656538
4.191411430414422
4.211296907217994
4.203320337016011
4.172888829118695
4.173364916356555
4.197647267978828
4.212609126880414
4.20791077958814
4.219050799352066
4.207925550997623
4.200275800766685
4.198275577233684
4.205887303522557
4.201281004699048
4.194932272348904
4.215462016266067
4.175848552486033
4.203699792409429
4.241987555509559
4.16332686225368
4.191159232195044
4.220058130962504
4.1847732520797285
4.224880438875088
4.193615973302904
4.15207229264345
4.211229574663634
4.230129924357868
4.221400726866445
4.178192749467064
4.211281762103689
4.163585871194935
4.218666324173151
4.244129573861258
4.230089848391738
4.187567497546476
4.165640945867428
4.199026265628115
4.198047017210269
4.196929173724266
4.186007833545604
4.224398709750456
4.229852031961056
4.158635830244164
4.187902589690687
4.186016798198429
4.195513216962148
4.165491901742157
4.175541645472712
4.192160719246962
4.159444712368355
4.1756955378757326
4.200322367607287
4.2249879433595074
4.209133822509575
4.202881286064411
4.1963484032740554
4.206128106646161
4.158961910198985
4.18109335700153
4.204602889457862
4.199131081329975
4.188408491088725
4.172934166723103
4.209651502289354
4.1897864371994515
4.233219437106778
4.165494631139662
4.198715414879576
4.2108186128345135
4.195194107831401
4.218852769565943
4.204870915476023
4.185507616591665
4.172701283772506
4.228154743438501
4.187790958686933
4.191881881190088
4.2452158027754345
4.173152769169445
4.238837183828895
4.221410251983488
4.178823717523832
4.1375837956602455
4.162897747607397
4.176324692114766
4.175527624339027
4.170138918167936
4.207515861797208
4.207657127082335
4.212524367562055
4.187945295619311
4.243299835829747
4.2562358670114735
4.1414520678006586
4.18213800225199
4.200035568136312
4.17607963703984
4.232945224554213
4.2102863964093125
4.212255730478592
4.188746474545372
4.191028467113552
4.197735490519668
4.200414484641158
4.192211852170808
4.184990848349281
4.213117459678822
4.2253988475298465
4.224587391951299
4.212098234242689
4.181329002950431
4.198878610459352
4.1933874789251515
4.225741842754757
