1.2557575260764096
1.298940518738601
1.2481541988066234
1.2901516283723262
1.2602919029438762
1.2538128615594069
1.262773833110463
1.2554388402071357
1.2340660693376864
1.2546014560435417
1.3469286058381125
1.2341831170828657
1.2445084611812016
1.2555097937763557
1.244700135649022
1.2474175276596238
1.2340084222337473
1.2757843244963545
1.2700060749268431
1.2486134905235158
1.27788186483913
1.2593554554929964
1.2456359908360142
1.2555380058192778
1.2642802735292091
1.2528021648047822
1.2782082715113317
1.256839764928394
1.2894783760037418
1.2424444149351044
1.2395372432113239
1.2639562588335387
1.2418707601385706
1.261122415250738
1.2491017490708873
1.2911970243333903
1.2663785398237184
1.258707934972285
1.2251733051105616
1.2483998450068599
1.2259425575465785
1.240793568357899
1.2439023424032627
1.2614651159755472
1.2371995257571313
1.2161129690051837
1.2555122806307184
1.249835144242707
1.2611883573754308
1.246989056581053
1.2476978576545596
1.2620787793906216
1.2482562604568053
1.2418669622775296
1.2574589350269008
1.2638177526401002
1.2332178194615655
1.2402353410675304
1.246726828768776
1.2439885018295305
1.2330629491157328
1.2591154631671067
1.2766731701459801
1.2219859685717323
1.238199623303527
1.2614339485499342
1.2632586325269624
1.2666349246508883
1.25715683877005
1.2690874411095527
1.2875893556744598
1.2752179141026025
1.219049490999612
1.2710438781501534
1.2263671283250097
1.2476571010491733
1.255021258064255
1.2877740314558146
1.2262356397470395
1.2747352201400346
1.274260235844314
1.2464185147347684
1.2173783297609375
1.2514237051092532
1.2761073085102301
1.2444580849654014
1.2293846117525504
1.248368524861643
1.2708578426775115
1.2646044427438112
1.2420380427708138
1.2806442116220362
1.2355050673257024
1.2632796159114914
1.2531397653025906
1.271215193106252
1.2307122896480374
1.2437974911484595
1.2033174722033735
1.2703169262346083
1.243789353022065
1.2635680046963265
1.2296057742316169
1.2481055673052976
1.2385181840760517
1.2267014754958294
1.2474689488703106
1.251439158319943
1.2857212004699168
1.2481368916596058
1.2148045756226769
1.2559663136028587
1.2467180464286043
1.2667653026127903
1.2483875396535544
1.2495807330429345
1.238706220234804
1.2471594201743208
1.2539463343019543
1.251152552764071
1.3008196966705712
1.231683852020079
1.2308161965515048
1.2094336725087391
1.238281534408684
1.2491858011937897
1.2813287800228443
1.2653188330173937
