1.198660104148399
1.2042884105993499
1.1961619241798083
1.1893932461646943
1.182887071319088
1.1789147378189468
1.2012609179608704
1.1758718199523734
1.1952896096055163
1.2081929589992346
1.2120250421646945
1.1819123518524888
1.2179940184319253
1.2027931428496947
1.178705113870494
1.1978395934110058
1.1700206185244546
1.199729095644583
1.2103655441575676
1.2096836411038652
1.200825511660788
1.2021189366389393
1.2037679390977316
1.2126082318300044
1.2170846475398984
1.1734191788063295
1.2228858339874467
1.207933636716603
1.2396356576113454
1.212196183471081
1.2029286833084123
1.2025058396757844
1.2227300013981042
1.218164948363623
1.1690690413950784
1.2033967265995391
1.1730848958274571
1.1953413838684241
1.2282562749631152
1.1821945260614541
1.1906280236323308
1.1611234965771677
1.1786910056267903
1.2232204501566166
1.2009291558441715
1.2019444504555656
1.1912593922960923
1.200371670906896
1.199600636456983
1.2053809504711204
1.208299728846821
1.1902311714572444
1.2058179606468953
1.216384256918719
1.1982840446623595
1.2134031242217562
1.206892464456019
1.2067694120909398
1.175640568524222
1.2080105726752413
1.217071628700674
1.189850338658911
1.2387890244141346
1.1853659346765042
1.181675628542859
1.195061771574914
1.2202978500016515
1.1865730827109764
1.1600515489386234
1.2138554411164586
1.1839976763070643
1.2061119878666966
1.192624636675117
1.1540180230414134
1.1743850607458033
1.214499321238068
1.1608740846130072
1.2161888069994429
1.2275294080529147
1.218178550781227
1.2043570979554525
1.1957014843904574
1.159413841978751
1.2353690398099457
1.2218207349113281
1.2147618365815476
1.1718017465021466
1.1988755436953973
1.236443273681034
1.1887340632923697
1.1744240871526772
1.1736387383717193
1.1964416939902238
1.194919944783031
1.1700752878108522
1.1744491705881994
1.204819786475997
1.2083182584465302
1.175043998274166
1.1877473295285397
1.2150617620538613
1.225583572187891
1.1862950666652985
1.2230182655698343
1.2174134180127567
1.1938077157827474
1.187106873914273
1.1860891138970808
1.1994967344802276
1.1986087602356676
1.2064951914999447
1.2272598112170026
1.1862237513508354
1.1911325732258338
1.1844211987192148
1.2163687990782737
1.1685666126729335
1.2194138919492468
1.1829513616361491
1.193471766290826
1.2368749528303524
1.1917170278362894
1.2303050768390633
1.223357016661472
1.2294880371005004
1.1844326410903994
1.1844373981839065
1.174949032675779
