1.4374588021339607
1.4341205723685373
1.4271408832566657
1.4248431735529492
1.4203335344043708
1.4345893860259897
1.4339146161495255
1.4182220588331873
1.4341448984539604
1.431165765478102
1.436150521018469
1.4308266730439845
1.419801268256675
1.4282159871326872
1.431390141804834
1.4356452962287791
1.427169803960458
1.429019404005549
1.421469736570158
1.4231578083824226
1.4219065177391628
1.4272217201770803
1.4299434524063104
1.4302064444929443
1.442553597081682
1.4311334984746154
1.4317274469868388
1.4226001472812086
1.4256681677594727
1.418377003442511
1.4303078182202709
1.4372906044682832
1.4294067944287268
1.4342971482611442
1.4215814228332335
1.4354544310052142
1.435680976522631
1.4309369005456347
1.4337335592087443
1.4353370559727858
1.4282446880442423
1.4282683033748658
1.4369066348371922
1.4224142903585948
1.4234653715655978
1.439585597507417
1.4323539058955783
1.4182974089353777
1.4252421113021911
1.4345887091886749
1.426670075629063
1.428956198036411
1.43417252239089
1.435702559076457
1.4429947542944808
1.4250930966044055
1.4223126207348897
1.420887298456515
1.4253855465318346
1.424369241908938
1.425325229824649
1.4244990949682605
1.4292069248754586
1.4264777096839607
1.427491482786402
1.4327157104716057
1.4192126879487477
1.4247492559943775
1.432978922630381
1.4273979283895974
1.4273726591128055
1.4364327101277472
1.4286751229437458
1.429873064464824
1.4300288832994383
1.4313285389844936
1.4239285253482437
1.4271693987305696
1.4252478118159606
1.4204299355028398
1.4498009259983702
1.4223566779574155
1.4267092763222722
1.4335759458598727
1.4288276717052386
1.4246700806530213
1.429515505337839
1.415841454385644
1.422288700300732
1.4242063361199155
1.4219245889950851
1.4209513077097196
1.4366852828141252
1.4160190424234398
1.4279938505435381
1.421208535174641
1.4287207201482244
1.4370947814160473
1.4265914809495643
1.420025895904591
1.4331998384152211
1.4321448353329322
1.4289505700297833
1.41586470319509
1.4247724005424622
1.4271544679505703
1.4216216669985506
1.4238317387097652
1.436527047539535
1.4316013782208437
1.4328296985034266
1.4397310965731187
1.439610651733637
1.428065995723793
1.4265298130376398
1.430765222305234
1.4235398703115814
1.4138791541341624
1.436735473393755
1.4347090944001752
1.42875637024924
1.426861694089712
1.4303574577061953
1.438649194681686
1.4212500108772508
1.436123374188521
1.4237530684195294
1.430789700370965
