3.601247861731006
3.6134532632485374
3.5887778042591956
3.571373909809467
3.53970869950148
3.537032034437753
3.618446583447563
3.5247446790466896
3.5847015538071685
3.618089559346829
3.631636558224437
3.5538165345252084
3.6596319298929942
3.5983953057812887
3.537266420824246
3.593226338926032
3.5097762060082944
3.611782099217127
3.6237091474619754
3.6337762500346575
3.5945609371271776
3.601954518889088
3.617769367747333
3.6455219157115906
3.6387740707455065
3.5245547257945
3.66149215527882
3.630878646302445
3.7346445348935555
3.62623042872831
3.59674501574173
3.6101597437727344
3.6669959319273224
3.660442916127801
3.5023550309958513
3.607545997538023
3.524409845715988
3.5982810700922045
3.681470285088419
3.5367704400285787
3.5681052221891747
3.4966939282908607
3.53348311965121
3.6586117516769314
3.616567660482875
3.5949759430007653
3.578140699076861
3.59496076343137
3.6031949781079735
3.630562691885306
3.605134518124267
3.5727276008463917
3.6148043795857485
3.6497467083816058
3.601873329561272
3.6446529876221354
3.608302031183694
3.62973612230478
3.5332361812825126
3.6166586066202355
3.6470549733086117
3.575070341278129
3.7106207374357956
3.5578341799103863
3.5479118358935735
3.60239933926647
3.6382513047412517
3.5588501760508655
3.47817213684454
3.639788214793053
3.553727400517346
3.620397190141854
3.5767092375285983
3.4690976361594053
3.5240153275455737
3.6393468429873157
3.4797880885933843
3.662818633580353
3.679291636392977
3.6438290049247057
3.618951943758718
3.589439807633072
3.4697497253358223
3.7033926855044736
3.673217902758324
3.63805748275045
3.5277068691694264
3.5898946639218865
3.705405562606126
3.567943499540135
3.516677594953024
3.524927675646702
3.5878645818559374
3.58388464884266
3.5182244249703265
3.516752704410221
3.62328372309847
3.615514788945477
3.5288613825123334
3.5690415360930827
3.636285908021541
3.678546004999495
3.560912559728966
3.667263266047047
3.6501597135289714
3.5822975182338253
3.5647984739124894
3.5672440903559908
3.595561744616268
3.598167313441838
3.612416266737139
3.682678305583052
3.5592504648685956
3.5681632503615672
3.5630952174360755
3.643167096458072
3.5142586755139633
3.641272293074033
3.556074247027808
3.5745878000136364
3.729951029629032
3.5934807155288113
3.685208248959587
3.6464760293993925
3.6965686467023096
3.5394178532584197
3.5509988402583916
3.530584153850949
