1.2555241733398135
1.2991754138752778
1.2469019843958646
1.2915069654336526
1.2602919029438762
1.2535059281705097
1.2631250778740717
1.255633424781531
1.2338467226556213
1.2546394047128504
1.3466641025009005
1.2337176845356863
1.2445645408616985
1.2571447579210175
1.243662608936273
1.2478776116062626
1.2307468731088445
1.2798051474562646
1.268510430475888
1.2506725882725394
1.2764648614663345
1.26055265949461
1.2442103699912708
1.2557172043119524
1.263237908024628
1.2521452671330342
1.2802836099474626
1.2578278003693033
1.2817381708568303
1.2485741800923469
1.2398403393089594
1.2630025084613536
1.2433508871425676
1.260030771169427
1.2493534115498375
1.2911967643510038
1.267688775756729
1.2568284066276694
1.225859725104071
1.2454746617090822
1.228575508634501
1.2400384134127396
1.244399633598151
1.2606538150857876
1.238036571271797
1.2161089718726599
1.2554987641474145
1.2498527610547314
1.260628182554527
1.247820756555896
1.2486624657823633
1.2605989448879544
1.248457017252359
1.2428550896808628
1.2551568270133089
1.265558997009975
1.2303673358590286
1.2437347932176888
1.2457762953093285
1.243913797120321
1.2343088189619245
1.2572263844289269
1.2764622241184613
1.223840539037265
1.239136076707848
1.2592954611986318
1.2632586325269621
1.2656068121322162
1.2584203928412117
1.267971187622131
1.2895999819161967
1.273998598950618
1.2207361367579352
1.2694484030436668
1.2260175255982217
1.2478387731501297
1.2546309345143398
1.2886890827052198
1.2243187023854083
1.2756181166628422
1.2727905798956674
1.2483945393917673
1.2178478591560842
1.2511692395362226
1.2762247441372476
1.244729875647782
1.2286161195440488
1.2471223179427224
1.272005874160043
1.2648325885902638
1.2418978066624016
1.2809005462087144
1.2363721233733536
1.2626289034308373
1.252370511340656
1.2720455539969748
1.2313193745740574
1.243054696239093
1.2034676002480253
1.2699813954393033
1.2427724435748475
1.264931690125349
1.2293520386754802
1.2484235816843807
1.2381983597971735
1.226820801401754
1.2472881261989763
1.2503276998159243
1.2876812218281746
1.2475865071930083
1.214553451946495
1.2531006060511989
1.2498100734866548
1.2672640450234705
1.2478224159752935
1.2485379575648734
1.2379404878419478
1.2489232494396751
1.2540021084579964
1.2508159791839235
1.3006941046042
1.2310537890201396
1.232047679340679
1.2109302481207493
1.2365631592007824
1.2495422262547196
1.2812757613413701
1.2651141589857016
