1.1932106621800034
1.205046170850494
1.2085062941277291
1.2094426537216272
1.1840799182925916
1.1949425531769104
1.2172129790196744
1.2110247088527666
1.1955374797689493
1.2080911690996876
1.1920852569837266
1.2072592529013482
1.204353296501306
1.2188645465466506
1.21548201609266
1.2044866405909136
1.2104863299860857
1.1987414992276044
1.2066319136850783
1.2138962111342828
1.1787377544801965
1.1852653531409827
1.2233105637720687
1.2218692746520095
1.1949877576959427
1.2124728262321895
1.2247077121023613
1.218271292795322
1.187540386376637
1.2140047539268226
1.2132253326650617
1.2091597455596048
1.2098698040431741
1.206676092279408
1.1899052682479145
1.1936385805726641
1.1907319515888153
1.2110436013965045
1.200040701610278
1.1975399398850868
1.182964436022831
1.2091325250086622
1.2224918140492314
1.19337296048654
1.205188166138688
1.1900430240779614
1.2193893039563544
1.2180748861549662
1.20238228468736
1.2086524076613934
1.2305808852065148
1.2063639984109054
1.2095257253594598
1.2010338711108088
1.1958106654599465
1.1890637855321586
1.1905388486448722
1.1844107386369782
1.2308536593837704
1.2043308002561408
1.1973325202971412
1.2135646159834037
1.2259938862502688
1.171310250786019
1.183467459219064
1.1830304216769982
1.193119839287463
1.2027550965571567
1.1976362565138483
1.1969076286975149
1.191890283657006
1.2021377928694954
1.2126505064752735
1.2004680409427269
1.196726203286754
1.1746224163579164
1.1871864689201603
1.221534298149758
1.1891516066735437
1.228497421397937
1.1980820903358012
1.1987928755341222
1.2029895589704929
1.209862664837876
1.1891356133914384
1.2016950038619285
1.2196263860898204
1.2024720455126503
1.2130217184823109
1.2203875605917023
1.1773019235289544
1.2013386074270815
1.1814281048917687
1.2098641379018422
1.1910050046953398
1.2129626430676592
1.1793628879809899
1.1927679476939748
1.2232346547961543
1.204658730546135
1.1951459449030226
1.191730861086028
1.21673540620291
1.211862648143696
1.2026380171135704
1.2011508426762643
1.2099868517268146
1.1777620822306791
1.191102778463262
1.2009806324730323
1.2001544440693797
1.20448478431231
1.20073889805503
1.1957901227101282
1.222864414985153
1.197430881075667
1.1829699415451251
1.2071888177989019
1.1705534092470835
1.2219837965540894
1.200782617882969
1.2077398448117778
1.2030126105987684
1.1855341375784827
1.2175550507810045
1.2034772040971293
1.2219153695616696
1.2041189228978146
