1.1654685735849197
1.1933574748072648
1.1933823826620158
1.1857417727539914
1.177437166371549
1.1870129675517525
1.1989355511165964
1.2081021329520774
1.230954744558307
1.2059685257797674
1.2073346890875694
1.1997925805165037
1.2231180625602223
1.213327357486534
1.1958369627019043
1.1975648922251263
1.2125760848779998
1.2189953024135272
1.1956174755665734
1.2103833022104442
1.2200197076252064
1.2130579467888674
1.2056928885589029
1.197372966942758
1.2203663774864126
1.2066109681531136
1.193788017851437
1.1798938036878093
1.2069985243520127
1.175479585709188
1.203859302175838
1.1995048090371259
1.2070766075705508
1.199196478824974
1.2034846295601902
1.1930180186534018
1.1909140649765615
1.1953805787331493
1.2027531264804896
1.1857704264117035
1.2280918268999823
1.2066368747559812
1.234797900209291
1.1952161628206057
1.1876532006238756
1.196153485899824
1.2217094967120952
1.2101331660245123
1.1900769519623924
1.2076944917567225
1.1896586231088868
1.2161030320661312
1.2104824710775466
1.2025034428217847
1.210512025417687
1.184939163017911
1.1836043297999312
1.2051035195854043
1.1856535388694376
1.1890980758123582
1.1997096465088426
1.2100777155047215
1.188985719629971
1.204298518926618
1.2020749901771353
1.1978602415685742
1.2022365302395932
1.1944892607148718
1.1845766814644008
1.1979595036900812
1.220487286583299
1.2016489902012264
1.1914655715852602
1.1757708618176652
1.207976768904924
1.2142823112061651
1.2135921253008097
1.2163749557661914
1.2037450560435643
1.2010655449863812
1.218985317107221
1.213319679619218
1.1715469151624474
1.1941238066355777
1.1948784567632569
1.2017277320391668
1.2126638692994385
1.1780439425506792
1.1857685429002425
1.1964109544601014
1.2068828738763713
1.199054989347032
1.2229023681537907
1.200564881739854
1.1977448126156125
1.2070104742692345
1.1892370834337014
1.1889064594276364
1.1716361112678828
1.1945785616185647
1.2017126757802623
1.1947051004400555
1.1919341792727238
1.1872648027541564
1.1864202175442329
1.2015594223524497
1.2259144224504268
1.207183183101509
1.1838817609087575
1.206211366891476
1.2065983211188611
1.1950484752755606
1.1893214036308102
1.2230551760390957
1.208222913075448
1.2170643152197538
1.227755031345062
1.2228482517520356
1.22936164119644
1.183946897069696
1.1784097995849423
1.1952891214488648
1.1957765965396967
1.1815124502070145
1.2323065314445754
1.1944490490528057
1.2082150208394848
1.2144661724319612
