3.496121356091203
3.5802181157262516
3.5795647261301853
3.5511630961736396
3.538512331711582
3.559157511704493
3.5975385148753154
3.6400995483034984
3.6766477037392904
3.6243876949955824
3.618762504758446
3.5946956241621297
3.6814509597279654
3.621102191380307
3.5949848691226003
3.597522387577337
3.638617348671549
3.6577294690939506
3.5830563521650114
3.6326267042182168
3.6606547629135178
3.6369515798387773
3.6160487876754988
3.5919731108651733
3.6669217760513555
3.6154109243659387
3.5807817179358468
3.538816808862386
3.623943066399999
3.524574964638941
3.6151087171412515
3.5947087986751405
3.6240297806586477
3.596857326292489
3.609866536494353
3.580074103124072
3.5727421949296843
3.5836647164726725
3.6070838113276213
3.5610788499410506
3.6815796693726055
3.626535643712065
3.699572625370833
3.5841873440084915
3.5628145538500555
3.609194563534161
3.651114982791449
3.6244913659313442
3.57197391989591
3.624705927567349
3.5650591783348373
3.648012159796961
3.63144741323264
3.608245265174083
3.6284371182457744
3.5543835513719637
3.552113177239193
3.6228203680791426
3.561018096330672
3.5580066661907974
3.5967877571452442
3.631562577598093
3.561025251551773
3.620850556170929
3.6059309568368536
3.589788181320338
3.6074439154990388
3.5824463522857095
3.5577803737473364
3.5918309670522164
3.662803218350367
3.6061208858462743
3.5770134034195844
3.523437837098415
3.624077746818385
3.641660676628674
3.6416656715487172
3.6476432900077502
3.61476607516382
3.607742237680982
3.6498099699805358
3.640107221524926
3.515640724563813
3.583392786799017
3.5831769564526375
3.605769190379131
3.640360670402441
3.533700520375048
3.554264825256973
3.5864606916565553
3.625074842437951
3.6028684861023876
3.66198129089905
3.5997947860031747
3.6045173287902434
3.6091012399625777
3.5723601125866993
3.56294921509897
3.5159099767908097
3.5760352879004786
3.6114690301658974
3.5841153013201668
3.5864266153623605
3.5532372834930466
3.5608525802239384
3.6048248165661128
3.67609674004396
3.616547815423775
3.558307695376359
3.6156906859187146
3.617144716891649
3.5905449610062146
3.5710163616288657
3.659931550899262
3.625849365011687
3.649709806108665
3.687929359472894
3.6704798772613136
3.686430534299724
3.549241783386252
3.5339355487857818
3.585867364346594
3.5887909047175013
3.561416099909715
3.678753282162089
3.5871358107274514
3.627752154783655
3.640732615941765
