0.8842981168462092
0.8953232856965926
0.8938368971826676
0.8938142914269703
0.8825647099240902
0.88907842703123
0.9022657295609032
0.9086395888086565
0.9354706204082536
0.910942735866151
0.905935723306449
0.9004880304004834
0.9158565312358162
0.9068536577889031
0.9021396012718256
0.8998138629362598
0.9050301306344295
0.9080928468762713
0.896012483350312
0.9126026704633756
0.9155372292199824
0.9006396753329016
0.902881726068013
0.8937327597026093
0.9138183178425286
0.9053238937495839
0.8917650536215787
0.8827362398176298
0.8940421168997441
0.8743755244422372
0.9161963800393409
0.896514284913363
0.9009648088497385
0.9092281746219183
0.9042275249732079
0.8866835700055389
0.9017341979672371
0.9111941164542444
0.8970387432922844
0.89064751338977
0.910903153669685
0.9144453238931602
0.9125391635591906
0.8980213765477119
0.8851808305038666
0.9080548714967014
0.9151526621015844
0.8951452082596955
0.8918677579448087
0.9046941895101678
0.8885222517976628
0.9168186851770014
0.9021851037243429
0.9010410016689171
0.9048329485898561
0.8956994864850132
0.8885161162451434
0.9064982626120845
0.8921886669822598
0.8897919110376654
0.8992715830607094
0.9201770866400896
0.894647223259373
0.9076704149064192
0.8971478324015815
0.8860775659574556
0.9035573795788145
0.8933806361928655
0.8991640886487419
0.9010129510800042
0.9203874534942836
0.8949385920283878
0.8967915951411238
0.8851739318942431
0.912181247032976
0.9209285784677467
0.9059960881309306
0.9127324326550789
0.9036777187738724
0.8973971993260098
0.925417292545761
0.920424980782498
0.8879377038619042
0.8884319110436684
0.901757198875344
0.9084588296424091
0.8978585218751214
0.8850696043052648
0.8978947743101523
0.8916084084226454
0.908690998661493
0.9039297463114949
0.9169904384880962
0.8961600465739067
0.9071666499309254
0.9037351889421391
0.8930441220808516
0.8884210470225581
0.882294549494142
0.8912277668986434
0.9061509483831038
0.8876469358756515
0.8955295386946258
0.8806533440773984
0.8958368905681855
0.899542171019366
0.9208802878336749
0.9051583300541901
0.8987971330885046
0.8901964420485212
0.8980881865462285
0.9001223508357191
0.8789872978528598
0.9083859182964208
0.9149205985525082
0.9258369284931165
0.9293794918275429
0.9259981048952813
0.9140268527908632
0.8701899536813459
0.8927322678871784
0.8938041640570396
0.9016152143965737
0.8778728257836191
0.9264715551811497
0.8996667197974488
0.899607023145535
0.9126189810547194
