0.8231730075171588
0.834904408848355
0.8384459046450619
0.8298268219926351
0.8202999219277701
0.8248828951141752
0.8400070786807818
0.8442423745599342
0.8689214734233285
0.8477131084868412
0.844423231400503
0.8429893316553698
0.8561333182427895
0.8449747519602089
0.8381226289524939
0.8400712134000347
0.8488050313700245
0.8510211215384854
0.8452183387107484
0.8503637277500239
0.8553746087501605
0.8449159059856923
0.8409415509104643
0.834735061281229
0.8616778158504262
0.8508509299359109
0.8387402537878245
0.8265529867042677
0.835699785038222
0.8143566725316905
0.8558563685698605
0.8398375272812155
0.8414299419512036
0.8560996224015587
0.8458071841483136
0.8330405908019999
0.8460353474704826
0.8499089153022645
0.8349857748015137
0.832173038125141
0.8480872166939357
0.8542213007744792
0.8496167797148735
0.8401163277988328
0.8264297551181582
0.8473657361743342
0.8456111801386246
0.8386274499487476
0.8400121931440375
0.8469453361790437
0.8377331648164706
0.8568032864057636
0.8383372727883808
0.8403128068105168
0.843874365910853
0.8365024211159316
0.8309446334108382
0.8484166063268774
0.8296833551301043
0.8289360402930485
0.8376603407977294
0.8628159389126202
0.8362043364540204
0.8440542405680856
0.8346430820662284
0.8251656921311429
0.8388389975536417
0.8324971526349757
0.8422549793564311
0.8448578252335551
0.8502429532436887
0.8402084398144646
0.8379761523981974
0.8286897901007426
0.8553166006723171
0.8599491124457067
0.8379760202616822
0.8549984730423258
0.8457886623217282
0.83245148501272
0.8610387135341376
0.8630065297446334
0.8314608085625413
0.8359296775520372
0.8424650198581749
0.8505020363530646
0.8355888986358642
0.8253046223879006
0.8423575823917725
0.8305598780313805
0.8473064673556876
0.8422504589132426
0.8565534274521039
0.8366140139288604
0.8453651269025547
0.844456427988432
0.8377688735502082
0.8316732873237984
0.8278616978216422
0.8286746504848655
0.8511421952054338
0.8241639595592349
0.8354764205575221
0.8207797314829377
0.8317931049380274
0.8439398079518848
0.8565003458814915
0.842622188302228
0.8328447360988303
0.8347414069943977
0.8356004984153347
0.8385957348169596
0.8226310535797348
0.845896128589445
0.852065572857583
0.8685471064640747
0.8639160783596955
0.867198217626805
0.852187919690032
0.819585673325574
0.8322043559724396
0.8337651632745914
0.8410378923673753
0.826248572529949
0.8698221257095844
0.8403357554845567
0.8367749180627418
0.8525203006894118
