0.9705305602406304
0.9749746421620165
0.9983331701978346
0.9869906416413262
0.9939524668348036
0.9828598164403911
0.9766048122111649
0.9764414496551619
0.9855215287053091
0.9792117688959997
0.9895899455551214
0.9789402755821004
0.9811000122977284
0.9813739237375176
0.9721102255531817
0.9828351679525308
0.9775694919338913
0.9842128100800428
0.9831317400377522
0.9856576051528712
0.9833852809114306
0.9723741489237423
0.9780542089970456
0.9891385618649144
0.9688482731848117
0.9698184997071335
0.9839262362661109
0.9790114769207228
0.9825964390140234
0.9989576169280799
0.9720738148818775
0.9876221114507032
0.9811441489048031
0.9710944533246035
0.9786147529315004
0.973361564555336
0.981468693826514
0.9853536124642247
0.9756521150401742
0.9860600096444524
0.9777206750357448
0.9754959038378749
0.9971650950687518
0.9817458746750598
0.9836516974888866
0.9853643956160099
0.9785573490118906
0.9838297103996473
0.9900279655101866
0.976788511911715
0.9868610013390514
0.9855251830483184
0.9775166998749787
0.976851759631744
0.9806406250315507
0.9811908748157391
0.9820742264861855
0.9763424078471128
0.9770910825229484
0.9816689350420066
0.9791906923831208
0.9769544652357683
0.9706737886836398
0.9836534375613278
0.9742414340963053
0.985577867967036
0.9809612144730009
0.9886184714084287
0.9727198595230042
0.9859874686474698
0.9791320611860677
0.9733334542059936
0.9731219288268033
0.9787312992686299
0.978459570945541
0.9988709059123861
0.9866018598954249
0.9846403169765129
0.9822641602381761
0.9750082217704042
0.9820591982227055
0.9762856515146805
0.9908968617558308
0.9864057641891147
0.9740407731527642
0.9795942261035497
0.984953674297207
0.9787530067743218
0.9763578353202045
0.9693474987116992
0.990063042649819
0.9797086681064016
0.9807453594207103
0.9860934607996035
0.9751192000999624
0.9671958043492633
0.9844450001688736
0.9754713741837959
0.9782562588576074
0.9917968083231777
0.965456041098541
0.9832118362517166
0.9692830876868206
0.9861071609755468
0.9799749885421012
0.9758294465881243
0.9781799849110143
0.9739687484931977
0.9790359003666044
0.9852519601360736
0.9770662236487552
0.9813781002418688
0.9725247725384696
0.9886551381987368
0.9838718325773737
0.982839114576895
0.9834957412629373
0.9746869070289921
0.9849508972731775
0.975792040136231
0.9713705591256305
0.98420081784528
0.9781274010108538
0.9742718617411744
0.9764979309908075
0.9766779766910448
0.9828596510729098
0.9734570027611493
