0.5625140589526032
0.5600650628129307
0.5603819922816109
0.5705593761980029
0.561593011979039
0.5596814358431281
0.5676127965550335
0.5617788734182189
0.5638291404057504
0.565221162377334
0.5633605610242273
0.560072970100405
0.5698285290703052
0.5604695975358079
0.5632463334410186
0.557833883886443
0.5551948196151322
0.5558905052928244
0.5581383458161534
0.5577427013352296
0.5589339419194423
0.5617838274213881
0.5554762165854485
0.5584085641919386
0.5635470557121006
0.5643598816155666
0.5579081332619816
0.5618180542969063
0.5598196301188875
0.556740694159108
0.5567921028136293
0.5634563705126241
0.5545695255017655
0.5592191465183054
0.5603605839906778
0.5544360948609729
0.5587514491322036
0.5570825153997536
0.5600609994698381
0.5602430787310746
0.5678031519609024
0.5618435346316246
0.5553062096282069
0.561731777278349
0.5537937141756425
0.5631490418991673
0.563496241409272
0.5671266333797691
0.5641176938977223
0.5515441984568558
0.5583179828894449
0.5593163578991825
0.5593950042011849
0.557069492185858
0.5615391865712558
0.5629387656802114
0.5487041720093514
0.5563914952073852
0.5589026129499458
0.5596777467079959
0.5654269692360817
0.559712970485947
0.5555774819912713
0.553947221674443
0.5523190261021701
0.5592003058095625
0.5668215594217118
0.5604302560339348
0.559024251800043
0.5591112534257535
0.5561165329794675
0.5641409554111857
0.557984563069917
0.5635606694487287
0.5589329479197086
0.5573306302818075
0.5522362143384335
0.5523777467054718
0.563567146060221
0.5654481697844324
0.5530019452487858
0.5657577339311615
0.5654833703322241
0.562181505794388
0.5621239287962607
0.5624750005938276
0.558211526130987
0.5610238987473638
0.5632119369185097
0.5598363165141262
0.5637246036948328
0.5657544416975445
0.556060517552375
0.567422703623209
0.5598096710994475
0.5578790512532992
0.5513453971931032
0.5544047597470807
0.5533380022864285
0.562579502487959
0.5544347236501256
0.5645133742708764
0.5636149100283682
0.5648246235679713
0.5584429781111943
0.5686980788034014
0.5657967890029433
0.5564249400490731
0.5647702778654443
0.5609160195003979
0.5502035241161088
0.5677854201946704
0.5651639063553245
0.5645730563569782
0.5608950007919992
0.557918981081204
0.562355649342933
0.5570833494952143
0.5612511211351878
0.5585164757525587
0.5583185753339377
0.5609815154595035
0.5623711700542701
0.5624653728314486
0.558833620808576
0.559486643410289
0.5577015803927237
0.562889450174856
