0.9326051585509836
0.9476247625250818
0.9615747450302136
0.9640745187875553
0.9253843699304959
0.9427972575252723
0.9514282115265714
0.9722162114547802
0.9834680085171428
0.9585315678801148
0.9587513208971397
0.9561197788635738
0.9993690274229097
0.9683227033765273
0.9525640080774418
0.954038689137152
0.9574790225612436
0.9736193153168002
0.9712820002406474
0.9693175650953851
0.9806529930845224
0.9797783917916969
0.9631550781731588
0.9440986407348486
0.9845144832240345
0.9530357782212018
0.9281164567965635
0.9445323028581027
0.9560854745358425
0.9499867499927083
0.9570285341188498
0.9512185730148304
0.9833649283242522
0.9670882266508851
0.9641958486790463
0.9461366107367097
0.9530487866732785
0.9618621765515527
0.9476009905771313
0.945908699628721
0.9904396222326127
0.9776442094519175
1.0
0.957093066612891
0.9401845926459302
0.9615335251490056
0.9650769469950623
0.9649774509741544
0.9617321023598493
0.9760259499379252
0.9648350474991969
0.9706186160552567
0.9567392407328705
0.9560633520431935
0.9424966210798326
0.954351371658022
0.9462001776001322
0.963123524816301
0.9629589543720075
0.9595743868319746
0.9608109087323438
0.9689380150415342
0.9577009585190943
0.9653600546419333
0.9527784262672842
0.9560023067517118
0.9745405235153475
0.9609328613180731
0.9248204357174763
0.9670487999224784
0.9577200112723844
0.971941645172858
0.936599891130286
0.925803119689206
0.9651948054524637
0.9678973249360809
0.9794852808968982
0.9800358206916193
0.9630897531485385
0.9514034893323543
0.946147470793142
0.9495907886600673
0.9538192172912319
0.9392451979945985
0.9355043036533282
0.9685892462989402
0.9763767356363195
0.9455020326155928
0.9160246335312603
0.9827002155167405
0.9675094746916807
0.9624520741754681
0.97946513468648
0.9597932246882439
0.9808910340682739
0.9719951343726243
0.9490696856064483
0.9588064121528712
0.9308278421496029
0.964840946621756
0.9582236181536001
0.9643629367379883
0.9675654563762728
0.9568627252308014
0.9615363251147222
0.9602830003305323
0.9784864734678171
0.96573321190122
0.9428699758944679
0.956587013102854
0.9882635270579467
0.9718309041653307
0.9465024687435237
0.977549018289933
0.9706424713969541
0.964902344441855
0.9694398115259644
0.9808368441723185
0.9822864595629359
0.9521725935424789
0.9426146043435857
0.9529018428172927
0.9558592846091206
0.9383847496592489
0.9802760416794671
0.9594145013616635
0.9672558176819038
0.9644961228203832
