0.9325387992537583
0.9477269453573258
0.9615254346250595
0.9640345390954411
0.9247867727198129
0.9432338020970926
0.9513431640061577
0.9726003161798246
0.9834135631508945
0.9585482048653329
0.9587767749484953
0.9556230852348297
0.9999113681478817
0.96824921289285
0.952341016351879
0.9538718349368777
0.9578767271655926
0.9735261829603453
0.9708904373489172
0.9695431502009636
0.98102051323667
0.9795862902098126
0.9631304452336016
0.9444179393982421
0.9840625233354404
0.9529995240933357
0.92832838512058
0.9443534088585478
0.956083447777471
0.9502099373658344
0.9568297029201079
0.9513145837378902
0.9835073343360723
0.9667127606165701
0.964657284573793
0.9456855117823793
0.9533925535228158
0.9618086693332786
0.947529889671604
0.9457765254117817
0.9905778535097828
0.977229235529064
1.0
0.9576860516834235
0.9397811036367428
0.9615781372265286
0.9653217283984462
0.9649875511891558
0.9614887897021817
0.9762483223822984
0.9646272867582694
0.970774700883178
0.9568348515733979
0.9559241818669715
0.9426839885181009
0.9543541046110868
0.9454896642791357
0.9631258091735145
0.963669087630038
0.9595289526824105
0.9605243636452837
0.9692130198850344
0.9577131154454483
0.9654154531195714
0.9528240747693904
0.9560293880936266
0.9743942004345703
0.9604305871199115
0.9252187843970437
0.9666572200837361
0.9584602515858048
0.9718509850878094
0.9365837447459062
0.9256887379179581
0.9652520781431533
0.9677385566829371
0.9794805058141114
0.9801189775828104
0.9633280769880167
0.9513547349452663
0.9458519459389846
0.9496628692034622
0.9541037372945675
0.9390711656745272
0.9355664773955558
0.9685513235116936
0.9763341477178634
0.9454350750962888
0.9160497439238773
0.9827027033284288
0.9668709755462285
0.9630338995051998
0.9795705083457131
0.9598519779773075
0.9808852296944844
0.9720140233228475
0.9490378747361364
0.9587329362093584
0.9309550673473868
0.9650413866997498
0.9575420401088486
0.9646597202259467
0.967601876352999
0.9568566730388568
0.961565378404851
0.9603406274350025
0.9783544201301919
0.9656733214830023
0.942908759183245
0.9567561751957901
0.9882632454093577
0.9710599614152146
0.9471294419441532
0.9777780119937405
0.970130208132397
0.9651496169495759
0.9695188754758743
0.9806614815539336
0.9824896999968797
0.9519416364994643
0.9428580979817281
0.952896932644806
0.9556542127488568
0.9380391760538891
0.9809315101698196
0.9593522422658624
0.9666979657596427
0.9648459233329445
