0.46170992066192695
0.4952753613205444
0.48065097878392143
0.47884638385020367
0.45500069042218977
0.4748872175874773
0.4892075745768369
0.47768390397616683
0.47557752238155976
0.4929998232400229
0.4997925502860653
0.4696133671625757
0.48700619195705974
0.48603490542433386
0.45237541040070633
0.47659471716571145
0.4665526724363644
0.47464639493213
0.48872713136414364
0.4832639164246214
0.4756177519384125
0.4878792781714763
0.4825216188139359
0.49433694637738695
0.4845120334837008
0.469830237020393
0.48824261633237004
0.4839386223861302
0.4805963727217598
0.49581089986717586
0.47171799848784374
0.4794594492062094
0.48992543589406307
0.491168837273065
0.4640183812811612
0.4948373440138516
0.48138019796233206
0.47311442517904656
0.5017540457808891
0.4790124910162836
0.47457611295675833
0.48210849156884067
0.4683253937237748
0.4926798905033139
0.47785952680847743
0.4804261075050727
0.47049838001179833
0.47928221170039187
0.4661954894034814
0.4943457684077617
0.4837522354996239
0.48901131676992077
0.47582703693906103
0.5035077435368115
0.47647806162839035
0.4922288101482322
0.47898760769165905
0.4913869500076351
0.4717568959655937
0.48065539463486234
0.4793722533988519
0.46326877131194927
0.5085040677794863
0.47498437149053513
0.46569161216433885
0.48131574731113447
0.4872520751704158
0.48145266872622866
0.4664524423600523
0.4808457342565639
0.4768952539727923
0.4783571899367259
0.4653792013101482
0.4746035166306339
0.4791819357703209
0.48165274872954406
0.4617560840022654
0.4845373754758841
0.49830786632538215
0.4855052411298213
0.48260980030093154
0.48013066217637473
0.45813828405442175
0.47951423805005894
0.49115690834001086
0.49451879731237375
0.46377604261933925
0.48796967946395825
0.48905944181322475
0.4647948022034622
0.4707182654004172
0.4750257169085843
0.4712415738401255
0.4704727671817553
0.4748162458503585
0.4718338102756403
0.49501148988654164
0.48946539917253185
0.46397586470115065
0.4790942662987231
0.4984492718244186
0.48631461672533016
0.48384271944291546
0.4962165954881552
0.4765278160343224
0.4813716545120355
0.47650852350407497
0.4802440678664531
0.48098274753145204
0.4838693916242823
0.4687269489098385
0.4986349178229747
0.46260270018326616
0.47880706107464277
0.4790720302509517
0.4729333665059597
0.4631808318125646
0.4765595401268158
0.4772911701189792
0.48825133428901085
0.494042902226585
0.46680750919421465
0.49454085176242324
0.47727811131993997
0.4906880401291572
0.4681676842074559
0.47333723269434974
0.4751533718152828
