0.5585902414172902
0.5543716824814123
0.5639291232888951
0.5551809604199986
0.556010043908922
0.5696751539118519
0.5588372740837289
0.5630663834909694
0.5656582458174774
0.5642233883542724
0.55924185638775
0.5564991671368573
0.5641005349935274
0.5672438004559389
0.5600476920313137
0.5624102719215469
0.559024360542987
0.5534689142280537
0.5544802829814095
0.5570895419200954
0.5581438768044611
0.5671350098853729
0.5535452504655104
0.5516642736843629
0.5623167106166905
0.5726427008829094
0.5582657780553146
0.5604398601269547
0.5534858681636956
0.5572764627532487
0.5650554735347296
0.5556397347156014
0.5570966829367864
0.5625743240853532
0.5588336727197027
0.557953400929984
0.5522709584086498
0.5611138801947221
0.5519486575796207
0.5636839451939291
0.5604538134921365
0.5548869288296318
0.5742311424085875
0.5492126426797591
0.547871397516402
0.5637357384372026
0.5631086503707862
0.5597676700967964
0.5738690228811181
0.5528576474188328
0.5510002905629114
0.5721527875793209
0.568647454345146
0.5621662162573141
0.5605373990144698
0.552582915700027
0.5657986459152894
0.5646031446360338
0.558090539302395
0.560836667596799
0.546382999593459
0.5551323967685575
0.5655611753302557
0.5580073594455462
0.5582813039605536
0.5725162566886202
0.5574220095551182
0.5495780051586507
0.5503592914303875
0.5655354855404056
0.5685013164766378
0.5558602959314835
0.5657329104656053
0.5678153416213996
0.5541647619016037
0.5517752055184101
0.5607678191366484
0.5615311823499906
0.5578611786657048
0.5696488383397716
0.5551382987812047
0.5484005861200246
0.5662353839527885
0.5568765868187954
0.5661980111163452
0.5517330543458521
0.5600595678613813
0.5573880577487657
0.5683506462799546
0.5613597494619867
0.5677494889490612
0.5559129054542056
0.5612821331077664
0.5497852863135769
0.5591361581907277
0.5544350748254352
0.5596071988109359
0.5631446569389462
0.5625186982743574
0.5713799399949903
0.5576601750684074
0.5695821693891459
0.5587775183144508
0.5533363310866706
0.5722271538395165
0.567950259006089
0.5648151232580358
0.5578141768529792
0.567590240186687
0.5667620130502461
0.56349672300905
0.5570872918261711
0.5674102332847377
0.5609099703570023
0.5562057866614566
0.5536487127760759
0.5581263802098818
0.5700535659918783
0.5659745953238638
0.5660472556244106
0.5556010894944571
0.5617715639375831
0.5650487394991058
0.5566968949844517
0.558267137369611
0.5667111467736263
0.5448569179402204
0.5497919169562798
