0.8426888730388888
0.83415418277428
0.833490285113479
0.835373712217749
0.8313003846941704
0.8457225392206846
0.8561678873567937
0.8540751802047486
0.8392396521941842
0.8452075374783419
0.8485076811862369
0.8383250150428566
0.8385365491249023
0.8438807665420524
0.8579995599008509
0.8389985908153588
0.8470800137710308
0.8375129223542209
0.8430367437878082
0.8572593239992963
0.837849581646079
0.8428169068200538
0.8639659498921337
0.8449839459901213
0.8376029453550046
0.8577331866774676
0.8487797767642572
0.8529575139650618
0.8415532770946341
0.8479125160741584
0.8389966110809615
0.8400846152690296
0.8536903104455549
0.8533174248968985
0.821740182514303
0.862740343378697
0.8420030509232437
0.8499170596213487
0.8396184762112876
0.846473642971819
0.8112280274082054
0.8582530699024922
0.8492404541646663
0.8250165437446831
0.8509108831863108
0.8309018617219757
0.8514410696558381
0.8379039693072075
0.8383160652526264
0.8403591245818418
0.8596515401557985
0.8308170520039208
0.8343453872567599
0.8188758312413913
0.8335042806608793
0.8340314571035677
0.828563771853462
0.8342385466133542
0.8659058251475349
0.8361250876912933
0.8395289944504138
0.8397847695622577
0.8701643607452001
0.82885685046892
0.8163548070490707
0.8414886501701823
0.8122179054137271
0.8374644074864129
0.8429399103240433
0.8542504818996728
0.8253882742190957
0.8384933931241177
0.8424607555144542
0.8460206542359627
0.8199657025502258
0.8030152895620589
0.846925979637273
0.8620050818290853
0.8276279302430858
0.8671968547757399
0.8355935634535574
0.8449317702766947
0.8336583080831291
0.8352442550947174
0.8098925639742626
0.8388749064033333
0.8548346691237222
0.8405698287396969
0.854860503872222
0.8315425095313727
0.8422003527453514
0.8388481721126197
0.837995950477794
0.8513801999840714
0.8419066521571651
0.8380954107702944
0.8377711977281763
0.8260227924062684
0.848667826733047
0.8609207500983392
0.8330863705833237
0.830214997280806
0.8513504469585644
0.843761797935571
0.8493199344296616
0.8434881167158867
0.8229965056766972
0.8337178636604466
0.8156213160437397
0.8450039266771954
0.8401288414607389
0.852994971185399
0.8579452893481948
0.8288744261234188
0.8551841762796825
0.8540654516317686
0.8276841184590386
0.8544717624967323
0.8116218152660554
0.852491184101966
0.8366113495626243
0.8643820392515233
0.8550918604321216
0.8297605882985704
0.8505786459823668
0.8309320235923078
0.8488226368505588
0.8427516706981758
